-9.627108900255573198e-01
-4.118013147537771812e-02
7.089509425548716770e-01
-1.156090849849794377e+00
-1.440845979332818771e-01
-6.569828528422999581e-02
7.126474762837169408e-01
-4.068141865031151827e-01
4.507702519283607878e-01
-1.001063916665256293e-01
5.526787267232249334e-01
-1.191316920081625819e+00
-1.664219147648099695e-01
2.248925550715916710e-01
-1.122427426762071301e+00
-4.430782277536259861e-01
7.085035317295665380e-02
-1.230600477839924434e+00
6.277045593571419779e-01
-6.357970135792687660e-01
-5.512486221816675913e-02
-1.722497960260759520e+00
8.685595798493278563e-01
9.354278924381060900e-01
-4.762055864151719109e-01
-8.319385734068274196e-02
-1.230600477839924434e+00
-9.900926397883222929e-01
-1.439165138728787929e-01
-9.161582200620954630e-01
6.442945642088672153e-01
1.003140261838053382e+00
1.372072889578586308e+00
8.001534433902783849e-01
-1.666318012544385496e-01
6.538879913740633931e-01
3.204888096097427419e-02
4.219622810223117026e-01
1.536891074135908752e+00
-1.085938581073997877e+00
-6.824707031553631786e-01
-1.503874676743508221e-01
4.732012899843293652e-02
-6.491513958181914790e-01
3.391037606569931029e-01
5.497925359559782121e-01
-2.537856513432036332e-01
-7.405509892066894917e-01
-1.072535279228500116e+00
4.971658011986989090e-01
-2.340589879787038363e+00
-8.719070975110654320e-01
-2.424172274666197557e-02
-4.361901525820265912e-01
1.154477191679313286e+00
-1.526999231956278180e+00
-1.452010964035817253e-01
-2.342764799314551727e-01
-1.176924163186862771e+00
-6.689414803300242074e-01
-1.708536877804414544e+00
-1.365623613458032626e+00
-6.232647138630570405e-01
-1.440657938905769986e-01
-1.397951460477547148e+00
7.071107756607446504e-01
-1.451078920757347124e-01
-1.559646372954750948e+00
8.023760387373224390e-01
4.696068673898709522e-02
-6.815947383724212383e-01
-4.630341451334200609e-01
-6.454539500233924532e-01
2.504448002208198298e-01
4.435946666456040410e-01
-3.622571298438801435e-01
-1.293070693762791823e+00
-3.791351179456308729e-01
-6.538687737030428604e-01
-5.896160913325556585e-01
-1.888532550364757867e+00
-1.372519058649630974e+00
1.477448598888229547e+00
1.027823024716444378e+00
2.994341623246725148e-01
-4.471489825711689181e-01
-3.378281162621397105e-01
-4.690947745863782159e-01
-2.964264077377803397e-01
1.151670018722145361e+00
-1.017941801650355416e+00
3.445737842749899138e-01
2.023496577639929683e-01
-1.053469662733038659e-01
-1.272014977579112305e+00
2.171602700138230702e-01
6.723968886671661815e-01
-6.837428008949744118e-01
-7.031323883208271397e-01
-5.272131699434565721e-01
5.757361387751829263e-01
-7.878947503638777938e-01
-5.766448746499071021e-01
-1.033328387895802836e+00
-1.769923817388601162e+00
-9.879824480360714922e-01
-4.693291727533030477e-01
-1.998062990156339591e-01
-2.318166959138130423e+00
-2.475705323234060895e-01
2.801942425866782438e-01
4.809738668275438389e-01
-6.749134870765763905e-01
-7.002539750514055195e-01
-1.412871850934901974e-02
5.639516240487709720e-01
-7.568223109433251938e-01
1.252548889543016464e-01
3.805985327279605701e-01
-4.941527219138171501e-01
-1.830787429810893929e-01
9.844355751243729635e-01
-5.160486789639888716e-01
1.461405832585859654e+00
1.402310701067847720e+00
-9.176737843022984009e-01
-1.605847682380126429e+00
-1.569121647565251632e+00
6.159595290029409864e-02
-1.424720519394426343e+00
1.113821172554656652e-01
-3.057052337456558355e-01
-1.500693640041936616e+00
4.430844180732135262e-01
-1.051296104134418208e+00
-1.232002574373381565e+00
1.518818616579642899e+00
1.539256428715741976e+00
-1.185150527245761420e+00
-2.722297625940069965e-01
-4.344427368762983632e-01
-1.041268918619884687e+00
-6.594505446556266914e-01
-1.175960216440447237e+00
6.542858058550777844e-01
5.396552001800292153e-01
-4.502174900729261076e-01
-3.920827189416136171e-01
-5.296362578261852860e-01
-6.041487095201582003e-01
-5.762999502529815299e-01
-1.301643151887692085e+00
-1.437252103541659221e+00
1.393467545646844274e-01
-1.352670703292144783e-01
1.225171225064162067e-01
-4.279850502683535951e-01
3.562067725112064154e-01
-7.843552290740436472e-01
-9.277322674937646951e-01
3.885851819375899519e-01
4.952623619025882107e-01
-9.333902097917053109e-02
2.181484338686319469e-01
-1.861879444491254532e-01
4.728557439733976908e-01
-5.766448746499071021e-01
-5.000626462828996477e-01
-7.782528580876963975e-01
-2.820037735617596519e-01
7.089509425548716770e-01
1.121274564136378604e+00
-6.358385935092829566e-01
-1.689994578912254741e-01
1.273456837743966452e-01
-1.212730881768622204e+00
2.184998713825979932e-01
7.715234323120967463e-01
-8.894627093625817604e-01
-1.693132386399271994e+00
3.018062496684228990e-02
-7.475496743770600194e-02
6.531890037533285565e-01
-1.229881850268872201e+00
-1.080699643162905677e-01
5.432345734000267878e-01
8.451530689164564736e-01
3.686315559470944025e-01
-5.253433076206819319e-01
-9.513237715796196703e-02
-1.328363845481824956e+00
1.770050886999094131e-01
1.392193605287519453e-01
1.399930448716975029e+00
9.888991944347886864e-01
-1.216161232392416913e+00
1.084640609545531653e+00
7.273950538056750403e-01
-8.604906954320904466e-01
-1.651907573645344796e+00
-3.394193826838343142e-01
-1.373011406035922199e-01
4.396744713592462550e-02
-7.021287451081850151e-01
6.723321026248667565e-01
-8.749462669749343835e-01
-6.697295760951238464e-01
-2.993274448079936700e-01
-1.289597882832349773e+00
5.711211993910088047e-01
-5.750141510670518930e-01
-6.188926654653970072e-02
-1.016698107053085831e+00
-2.467763797810735849e-01
1.797132881181936259e+00
4.986205863786138948e-02
-2.749155723863643264e-01
-6.708741333590594325e-01
1.037941814130529661e+00
-3.391657084032521641e-01
1.029631379585526751e+00
-2.222317422896161077e+00
3.201375568908342850e-01
-1.240995006174262089e-01
-4.357226989788571814e-01
5.299797697858349421e-03
9.875944388005640784e-01
1.013348635599146785e+00
-4.248068290373135381e-01
1.214902762785763812e+00
-1.011328474996515125e-01
-2.732900005365110907e-01
-4.588372507972435788e-01
-2.749155723863643264e-01
1.454656463398812383e+00
-1.265572521608651524e+00
5.058332656040215314e-01
-1.224653713650795561e+00
9.817213279330622155e-01
-1.309032850158586170e+00
3.080037164371222658e-01
-3.747197459285508958e-01
-8.874171742928590456e-01
1.084182773721060894e-01
5.735241222633058467e-01
-1.749427237004492763e+00
-7.668681784161947013e-01
-6.091754532073222483e-01
-4.293938956763643788e-01
1.237658793966706222e-01
3.427138993099247966e-01
-7.770141043079489274e-01
-3.357580761974578443e-01
1.760100324066377286e+00
-4.594247422602245057e-01
-1.503151698244176160e-01
-9.161582200620954630e-01
4.207007061405018677e-02
-2.648581293174665507e-01
1.490691153102235711e-01
1.507995615439472470e-01
-8.884905991854519236e-01
2.003418529705810469e-01
-4.200760731278101179e-02
-4.324948896342767912e-01
1.866358154210499276e-01
-4.838816554729444275e-01
-4.423651123590129353e-01
-1.313936762757343057e+00
6.567154519445752570e-01
-6.258072936424594612e-01
2.895421333171875333e-01
-5.955288483439004077e-01
1.943580013514760452e-01
-1.676304740525916964e-02
-1.023272379345963490e+00
-1.469278312108484696e+00
-1.028788910431902792e+00
5.270004004665603814e-01
-4.135528587546639656e-01
1.779885555499985672e-01
6.012425702602007815e-01
5.531956548805253560e-01
2.431150066024640177e-01
7.477235211884558641e-01
-2.818316641643384690e-01
-1.048880511182912034e+00
8.918916341892408894e-01
-1.511562093410861118e+00
-1.256583208615994263e+00
-4.038840208174883095e-01
-9.543477694890273311e-01
-1.154164446556674051e+00
2.114243505792296196e-01
-3.397566745678128330e-01
6.381665052450637976e-01
5.827776812675866669e-01
-5.150962611133940161e-01
1.375710867122254211e+00
9.989476690827221450e-01
-7.447959157167837185e-01
2.018503825131503504e-01
6.141948587055210407e-01
-2.114375448153324122e+00
-7.292103293782478124e-01
-8.665556351245650157e-01
9.463158027148161899e-01
-2.750329006446214919e-01
8.718439766049117523e-01
5.553090670419182917e-01
7.300657214965897701e-01
4.260551076851716301e-01
3.912145799498198961e-01
-1.818027956078022978e-01
4.404624682779142986e-02
-1.172608557807477858e+00
4.318388621192520427e-02
2.662841674574765172e-01
6.347557539392798542e-01
-8.687899340163163231e-01
3.984212761853155871e-01
8.928075207362615728e-01
-1.688723654595057244e+00
3.245618040171847629e-01
-5.647661921843234456e-01
-9.052392744255427504e-01
-1.117314187246221557e+00
1.047986358225207359e+00
4.571876192788423832e-01
3.518692871508090070e-01
-1.803492857417093642e+00
-7.301887127861319549e-01
-5.189732105451445587e-01
-9.612869373365577896e-01
4.209097789202084217e-01
-9.911360550225363220e-01
8.650015916521951453e-01
1.439605217521197633e-02
-1.256052848971835223e+00
-1.308446014522250511e+00
-4.559929220436042541e-01
8.142165605355579094e-01
-1.515481968979780714e+00
-4.068641426442898279e-02
1.654399329487813430e-01
2.699908072037937590e-01
-4.736554034426618265e-02
-8.885189002002469305e-02
-1.390345885556544925e+00
5.467012840461844547e-01
-9.645531686794401871e-01
5.834503719862151883e-01
-1.162988108167667622e+00
5.953828388718366282e-01
1.121855934929739118e-01
-1.506609563109899685e-01
5.850623158066181606e-01
-1.282569817616112662e-01
-7.165881643927052291e-01
-2.893676460424650099e-01
-1.574454752206462249e-01
-3.211719046680617251e-01
1.460960042490445920e-01
4.274316403339484260e-01
-2.887401599311711919e-01
8.347051263002608357e-02
-6.267512220807756884e-02
6.941622202135644404e-01
-9.739269618210940616e-01
-1.457991058875128587e+00
1.211820419948692606e+00
-2.174687947152369460e-01
-7.297256302696679686e-01
5.129766846268520863e-01
5.951236639922602434e-02
1.225171225064162067e-01
-1.332072846061571614e-01
1.643480294880902970e-02
2.463663364979026271e-01
-1.279100317260291497e+00
-7.415059504095831144e-01
-1.536610257322724715e+00
7.076090135313869642e-03
-1.573498146060460012e+00
-6.047763754941742897e-01
-4.050098615295998350e-01
5.626958352572444255e-01
-7.849957910119820248e-01
-3.470664100093328597e-01
-3.553410818675454830e-01
1.558421563218720829e+00
-5.023851855690786294e-02
-1.074981482750720474e+00
2.559672848895016006e-01
1.250757829052734138e+00
-5.410442565189632624e-01
9.529172413422215548e-02
-3.675570536501599483e-01
7.387633922454510671e-01
3.899381922575111958e-01
1.398443199225619216e+00
-4.293938956763643788e-01
2.096496628016292219e-02
2.869365307589985536e-02
-1.526005041200320100e-01
6.181312402163982589e-02
2.492779799809593244e-01
1.678294305803162523e+00
6.538879913740633931e-01
7.238797220765832985e-02
-9.927995774021550757e-01
-1.037680379192162494e+00
4.672620040163523170e-01
-1.125097219021756745e+00
7.496745375869903749e-02
-1.888926706868005734e-01
1.708978016305967351e+00
-2.275462568920689765e-01
-1.141320606111699831e+00
-1.863089685239029070e+00
5.039121381259606958e-01
-2.338668322631242802e+00
4.219622810223117026e-01
-7.410964967845909968e-01
1.696411635415965014e-01
-9.887763875680972703e-01
-2.774412945918822704e-01
-1.641166515893510702e+00
-2.633613297552594296e-02
-8.650117524691969262e-02
-3.573848221250648938e-01
4.985832663061348646e-01
-3.110244913677954748e-01
1.993850877622968254e-01
-2.014933357675962267e+00
-1.236129166487772046e+00
9.282407607206075717e-01
4.207839799085785204e-01
-4.748822811290073775e-01
3.630007867626910967e-01
-1.488335323632033746e-01
2.994341623246725148e-01
-5.600779029944182863e-01
-2.567812833740282241e-01
-5.976141127721732449e-01
-2.213426357265513289e-01
-1.417102812583746818e+00
-9.911576070029883834e-01
-1.275290168728484108e+00
3.093304687266802966e-01
1.062450389116427196e+00
-2.964816025634688934e-01
-1.359577258698562607e+00
2.988273468123779919e-01
-3.752035518935774583e-01
-1.223113682305351002e+00
-9.241122755091262242e-01
-1.464230049102581477e+00
-2.970959311114018675e-01
-4.037162861805596026e-01
4.675952814979941197e-01
1.330126995528065015e+00
-1.188021095608335687e+00
2.405381405543297602e-01
2.120983908574799737e-01
-4.148913769901309556e-01
8.415184696366146966e-01
-5.511391717126694623e-01
5.544167882278769888e-01
-4.555848143366734715e-01
9.860935126631926659e-04
-3.849980961888954667e-01
-5.395142486033473878e-02
9.432494878954734707e-01
-1.171525213629356132e+00
-7.790919800675968343e-01
1.214902762785763812e+00
-1.101884415417729191e+00
-5.011897896407644382e-01
-4.397273072669709570e-01
-2.766137579573312855e-01
2.382581232114157066e-01
-3.285344052650270713e-02
-1.007545654124469170e+00
-8.977028793985379895e-01
-2.181271772025270284e-01
8.024688159570625423e-01
-2.839453434239058160e-01
-1.362410210842505576e+00
4.021647766406380997e-01
-2.500653969734237148e+00
-1.140192877579936148e+00
-8.409891783293321765e-02
2.318148519669488705e-01
4.227592766499432830e-01
2.332234695436999072e-01
-1.361093623829302768e+00
2.096496628016292219e-02
-1.026413941066755209e+00
2.669974296403448966e-03
-7.687713526672810271e-01
1.635967056098998895e-01
-1.680376245481810527e-01
-9.056681642583224168e-01
-8.826017205156573286e-01
1.304772346641601688e-01
-2.995755750548378948e-01
-3.104140973155296579e-01
2.627799110043483322e-01
-1.098205817206667101e+00
1.026011338317888821e+00
6.144688711224949307e-03
-1.305007987919178714e+00
-8.429012074938677657e-01
4.021216241722494478e-01
-6.952012754898901914e-01
-7.497779362084947552e-01
4.100574030143820936e-01
-1.228593890969388092e+00
-1.727689319873955576e+00
-2.361016384511491761e-01
-3.551770124171460541e-01
-8.334748792676203999e-02
1.355458879030579045e+00
-1.030194595066733498e+00
7.065780023156116307e-01
2.504448002208198298e-01
1.741063981839953423e-01
-8.293582419067970779e-01
-4.465904414184002080e-02
-3.410547244633508335e-01
-9.814704781512900711e-01
-4.641636697179374882e-01
-4.901827136795960937e-02
-8.541742407131414083e-02
4.649184877119500459e-01
1.900050430667586110e-01
-2.261518198433472016e-01
-2.353974852297144871e-01
-1.626857237472479900e-01
-2.315910826690321667e-01
-7.752409210228677905e-02
4.020600809160238542e-01
1.772780903851863543e-01
6.395584210921054225e-02
-1.340357478636873267e+00
3.230422997578295541e-01
3.726544000489568353e-01
-9.078381913515867208e-01
-2.349872326868136518e-01
-5.822390329385017660e-01
-7.832754899231508805e-02
-3.414752627401188012e-01
1.402757557257789944e-01
-7.933910830292563166e-01
1.264106645006488061e-02
2.359753945018031596e-01
-2.675315675659864501e-02
-7.660656505710008446e-01
-3.725569021154651050e-01
-1.725183350796055393e-01
1.858660586416370775e-01
6.881918660149020095e-01
-1.068837751781779088e+00
1.154477191679313286e+00
1.072772662951571920e+00
5.902002463935466237e-01
2.424302753584973713e-01
-2.937684577719770762e-02
-1.397218393426449268e+00
2.459162309699277627e-01
-4.341594924455366988e-01
-2.638017156215905601e+00
8.082157091034440910e-01
3.711817853737616746e-01
-6.171485386057433686e-01
4.021216241722494478e-01
-7.537238862299698861e-01
-8.610526456178722032e-01
1.176444998329543745e+00
-2.259901804534476533e-01
-2.622687243513550648e-01
-3.739870889554408051e-01
-1.625580842059095310e-01
8.799377463448018188e-01
4.542748376849112812e-01
3.595292227360230575e-02
-3.211719046680617251e-01
-6.695976694453547040e-01
-8.134707582145189741e-01
7.555296358769658660e-01
-9.446023409278034855e-01
-3.498217280143251506e-01
-3.103673165816103752e-01
5.531956548805253560e-01
-1.400592864545257221e+00
-4.293938956763643788e-01
-1.873433382246200707e-01
3.231329050527356195e-01
-3.706538555651353040e-01
1.635967056098998895e-01
2.160946919872160921e-01
6.801169909451003637e-01
1.026661990192292651e+00
-4.484997099891827044e-01
-3.212634253506144733e-01
8.408856285410168940e-01
2.489986752774680512e-01
-1.033033008316448509e+00
-4.421073382221490378e-01
2.169051145156558058e-01
3.362116100672239982e-01
1.558875724025089726e-01
-9.024758673307410328e-01
-1.292976783956698128e+00
-4.452941463710453074e-01
-2.921605510553904050e-01
8.420414199602526129e-01
-2.019616902004846004e-01
-4.598758534602697678e-01
-1.067185036947464694e+00
-2.955140901347863558e-02
-5.287395524358968757e-01
5.001631605390671753e-02
-1.243624628139623045e+00
-8.542977033471196302e-01
-1.069996677346157332e+00
-7.885916830683409318e-01
-1.532992466089838635e-01
3.506800269638908341e-01
-7.180804666060651709e-01
-1.676304740525916964e-02
-7.410677213377730999e-01
-4.452941463710453074e-01
-2.695599703343216635e-01
-1.171525213629356132e+00
-1.136272309831327876e+00
7.364927872046342916e-01
-4.272435166324544675e-01
2.415519814576522761e-01
-1.188839267511357711e+00
2.619698919601159415e-01
2.080994502427178650e-01
6.017301014747895582e-01
1.729241706752508101e+00
5.788578791052332306e-01
-6.504115564486987466e-01
-1.592716102459548422e+00
-1.279950913716080829e-01
-2.660130041131756329e-01
1.787327149140463534e-02
6.835318939181170839e-01
2.603115068028079016e-01
-2.167095224070908488e-03
-2.597181610513226158e-01
2.500530926523545916e-01
-8.878190106246652835e-01
-1.873991398944942155e+00
1.460960042490445920e-01
-8.105405822844500285e-01
-1.315775950901647118e+00
-1.922953676468590611e-01
-1.462980978038648683e+00
1.392629648114174445e+00
2.626668246645786353e-01
3.465788720144997725e-01
1.176433347620759573e+00
-1.267032236301361081e+00
-6.837428008949744118e-01
-6.017138538407306170e-01
-1.435717667053587387e+00
-8.990738589538878056e-01
3.595292227360230575e-02
1.249531343507842562e+00
7.443920213069021852e-01
-2.973426408790728198e-02
-8.336731546668840753e-02
-5.023851855690786294e-02
-1.235908561980018083e+00
1.041085210825665602e-01
8.604489337363734336e-01
5.405433011658582476e-01
-1.876407255492795301e+00
-5.752450999491067751e-01
6.340932389039417583e-01
5.089534459713602743e-01
5.075868127576032007e-01
-4.408965429669696179e-01
-3.417915868236089949e-01
1.785534860617677688e-01
2.493901033373416010e-01
-5.896160913325556585e-01
3.478529967868524420e-01
-2.001004495708887942e-01
-7.313528070324337715e-01
9.989358434981880641e-02
-1.440845979332818771e-01
5.973352911934364240e-01
4.255715538612184212e-02
8.574245745983773981e-01
4.167181172334225581e-01
2.015026369656589822e-01
-9.519576462999079780e-02
-9.366712623875537158e-01
1.613171575984087835e-01
-2.574944643135099742e-01
-2.536417744162617893e-01
-1.226259019503329606e-01
4.351943187675948455e-01
-7.299289975254323881e-01
-7.526604299818556720e-01
7.477235211884558641e-01
-1.065677038618799255e+00
7.183188339021808755e-01
7.730411657358501887e-02
-1.676304740525916964e-02
2.151111067336813065e-01
-5.454053573232124918e-01
-1.766347034103787461e+00
-1.017941801650355416e+00
6.416150721271975943e-01
-8.564328250885895333e-01
1.889089433166332155e-01
3.051065054298029988e-02
-9.241727449244180326e-01
3.907265498628154088e-02
3.029161987170984061e-01
-8.840666565884451877e-01
1.225171225064162067e-01
5.925762023292057146e-01
-9.661737979727091918e-02
-1.218541299684953172e-01
-1.569121647565251632e+00
1.051843662984317085e+00
7.701787201789016546e-01
1.101129585506907121e-01
-2.112324686022254205e+00
-5.534539053403768616e-01
4.530056789801362171e-01
-1.469278312108484696e+00
-6.064253168384414749e-01
1.398443199225619216e+00
3.150433995891349648e-02
-1.385293968048102453e-01
-1.440489444428043164e+00
-9.916081481716513268e-01
7.706363702690877115e-01
9.765272667268365403e-01
-1.417168494050580652e+00
-8.623614833917763178e-01
-2.227487855980661013e-01
4.542748376849112812e-01
1.798973074169105124e-02
-2.037484355823236948e-01
-9.355937432510215146e-01
-5.865615826672723188e-01
5.955175415159983388e-01
-2.492503220192256563e+00
-1.971340871067643885e-01
-1.839588311297194689e+00
3.402161442995932372e-01
5.251043830584726235e-01
-9.102526048968950789e-01
-1.435799293070493254e-01
6.982530199680117011e-01
-1.915949678875294104e+00
1.681063845544358490e-03
-5.905118521882442989e-02
8.269122562895732109e-01
-4.630141967951784676e-01
4.664380250371457648e-01
1.466549089835010311e-01
-5.387525675605380204e-01
-9.193880153780760178e-01
6.156313720546043866e-01
5.229461666674847242e-01
6.340852562611051790e-02
-5.243034832024411340e-01
-5.123192808040075708e-01
6.395584210921054225e-02
-5.984170816752779620e-01
9.916548910416467244e-01
-2.282515563272506653e-01
-8.558800927460286090e-02
-1.676304740525916964e-02
1.350003631136286408e+00
-8.611718674271165996e-01
-8.420247439474709550e-01
3.377716559480785641e-01
2.303965360697057541e-01
3.984212761853155871e-01
-6.424630408712856955e-01
4.879012909460764824e-01
4.144829582873560958e-01
-1.367667454581489306e-01
2.969737811668059502e-01
1.084683744733796057e-01
2.362674611738381503e-01
-4.897471642485840548e-01
3.261296730241864394e-01
-7.640671749724309292e-02
5.725907033824180203e-01
-1.448282549668193919e+00
-5.932387709621360639e-01
-1.175254548033631607e+00
6.575081555120971810e-01
-1.806338370706991547e+00
-4.725443945369607324e-01
1.315064752906583090e+00
-4.753950283556532264e-01
-1.479535749826658808e+00
-1.685762108721495789e-01
-3.606910066948272875e-01
-3.157954056686809174e-01
2.864629456420241804e-01
-4.265461916704613166e-01
-7.555625662754007488e-01
-1.370650357145196896e+00
5.078984867051240526e-01
2.887850088176934227e-01
4.763835201017876386e-01
5.934419532228796257e-01
-1.784445451801917937e+00
1.211820419948692606e+00
7.593074216437101231e-01
-1.898349632153812916e-01
-4.928489873279113254e-01
1.681063845544358490e-03
-8.225225212003046682e-01
7.501400990878839270e-01
3.659884529349346494e-01
-1.550677536314448490e+00
-5.654781277084497404e-01
5.497925359559782121e-01
4.915492008003891633e-01
-4.569734746456986518e-01
1.846981512332177000e-02
-9.925730320730545841e-01
-9.391794577729903892e-01
-2.564504945704664252e-01
-6.452037753612698268e-01
-3.739936057202290498e-01
-1.057570582274691140e-01
3.839399211039337123e-01
9.635572782343408971e-01
7.450143446016948001e-01
2.804140032109196379e-01
1.992639781636083851e-01
6.707992282466845868e-01
-3.821762821491491713e-01
-1.279754007693339746e-01
3.860964199325252477e-01
7.352776040256357726e-02
4.414066371099670261e-02
-6.258072936424594612e-01
-6.293551049593963942e-01
-4.620640252613780752e-02
-5.766448746499071021e-01
-8.677043439123510726e-02
7.439439897843500016e-02
3.362116100672239982e-01
2.725434364318086167e-01
1.341868608476817215e+00
-1.152799250696670552e-02
-1.744973696953677211e-01
4.112093753663784157e-02
3.429112610161442198e-01
1.466549089835010311e-01
3.511209115730332120e-01
-2.445533945930680741e-02
-2.051561302780410490e+00
2.782642317741056415e-01
5.474245789294324149e-01
8.445540114277221289e-01
8.968254327871565401e-01
-1.076132443593789567e+00
-1.100812150558476699e-01
1.901837348304489250e-01
3.991890055727072006e-01
2.746627208638984241e-01
1.818675592054998236e-01
-1.328564887071820078e+00
-1.023140420858426047e+00
3.565006929562410942e-01
6.000388849556734794e-01
-1.141176222430085208e+00
-1.095094379595702661e+00
-1.498795876888749490e+00
-1.502616313929627356e+00
4.692929929785511489e-01
-9.918827431774700498e-01
-4.666379005191343410e-01
-4.073990472519070649e-02
-2.722297625940069965e-01
1.252548889543016464e-01
-1.178409518298241032e+00
7.224227379758947354e-01
2.717338899356159243e-01
5.644203172431448007e-02
3.165578705692004974e-02
-1.342313985214042216e+00
2.960393046146421181e-01
-1.842753199755893245e-01
-5.276964777827548581e-01
-4.225975825748770620e-02
6.423268827541180892e-01
-1.409466174519817538e-01
5.118374906510499978e-01
-4.735225407282564469e-01
-1.519115554670861012e+00
-5.203736039912685296e-01
9.989358434981880641e-02
2.463663364979026271e-01
-5.406062490404390797e-01
-1.626828952595033906e+00
-1.045301893687215600e+00
-1.500693640041936616e+00
2.812240222551514179e-01
-3.439777130860041665e-02
7.743607506112268335e-02
-2.035221193888478108e+00
2.983546763842322980e-01
-2.047310019866313002e-01
-1.554449114812335164e-01
-5.222963854359472524e-01
4.729653669620217382e-01
1.044763963532597151e+00
-1.286373911246502244e-01
-2.088742594541181941e-01
-1.758175632232171992e+00
-8.097934271771413117e-01
4.693882788724393906e-01
4.859914022303958858e-01
-1.190912675041907676e+00
-1.030108835075992602e+00
-1.179578990697873753e+00
-1.309272335267376075e+00
-1.232633370830647834e+00
5.902002463935466237e-01
9.202375327241867353e-01
-1.967578250270298756e-01
-5.832276412719235477e-03
-1.077969047761954346e+00
-9.503975182141567446e-01
-3.346228361180411115e-01
-3.117898008539419230e-01
-2.441396168814140566e-01
1.648052172386813563e-01
-7.915428912393097649e-01
-1.370136931166050953e+00
4.330393706423670275e-01
-1.205361873366446179e-01
-3.765944481787533715e-01
-1.107980061339765232e+00
-3.874021105866198300e-01
-7.875805352816309668e-01
-2.268234989576000116e-01
3.034018751433659178e-02
-6.007455905956115005e-01
-9.841402704109755151e-01
-1.261798784912906424e+00
-9.333442632544777240e-01
9.763598085568381268e-01
4.147606510840298188e-01
-2.883201557152501593e-01
-6.266418154594732837e-02
4.330393706423670275e-01
-1.718333225826479960e-01
-2.053636985773365786e-01
-8.148695359542396099e-01
-7.357690614552757635e-01
-1.408903008264930090e+00
-1.389639083513188655e+00
-3.168451382605406708e-01
-2.751472695791726264e-01
5.827776812675866669e-01
-6.248019937520904454e-01
-8.844288428965743076e-01
1.043181107782293338e-01
1.004355530094480781e-01
3.771832073927539053e-02
4.936830382795234229e-01
8.358269485108218433e-01
-1.391513836390920744e+00
-1.243624628139623045e+00
1.402757557257789944e-01
6.303094570732893365e-01
-7.564772631008065407e-01
2.458818367452418260e-02
-2.181837631049087456e+00
6.885380555539992731e-01
2.801761635410565665e-01
-8.928907095963806162e-02
-9.709428114717845171e-01
1.598009517176456340e-01
-2.480075732756004125e-01
-1.941099607958086670e-01
-8.614425555249735078e-01
-1.074299143321471028e+00
-6.192986515307298268e-01
