3.936890286357016544e-01
-1.076045483974034989e+00
-7.634221985680234024e-01
-8.574216528356461975e-01
-1.267579486152034529e-02
-6.155664851336182242e-01
2.479200665337205622e-01
8.640415115082014097e-01
2.107243258801097530e-01
-1.451738759807796320e-01
1.967113723150642479e-01
-1.065615920560891050e+00
1.019360834613398437e+00
-4.230058426323733967e-01
-3.293475715638102486e+00
-8.845816002429445213e-01
-4.272912642836316222e-01
-1.971251869570747051e+00
-9.195132099774363521e-01
-7.883638618740593795e-01
1.511216211361410044e+00
-9.556572913139025349e-01
1.025791786457971533e+00
-6.902076327779411713e-01
-7.888344831887276198e-01
6.891874967726699941e-01
-2.894442556991958959e+00
-1.495407706013553550e+00
1.036013381647777010e+00
-8.715288450692804112e-01
-8.731598601303999230e-01
1.659032610005732877e+00
8.702839205724015592e-01
-9.277762398276767630e-01
1.715495556362704788e+00
1.114472418840847245e-01
6.543555458790454304e-01
1.192524686339372586e+00
3.838758010309255564e-01
-7.037889552339431365e-01
-4.138265878712099610e-01
-7.376434001851238653e-01
7.653081373865271153e-02
-3.931412794450314108e-01
7.300980173539683982e-01
1.349656151489341482e+00
-1.345285068488220936e+00
-1.200083825269634419e+00
-1.895237808095416865e-01
4.154091866616417272e-01
-1.234641263249174559e+00
-1.126378902862791076e+00
7.341278502143939733e-01
-3.191926856930298873e-01
9.978225899739290305e-01
-1.111353140205094681e+00
4.391013924632983789e-01
9.511149795774482829e-01
-1.632086697900024141e+00
-1.731388049817250141e-01
-1.712272870538989578e+00
-1.160969431853916545e+00
-1.266760575520147647e+00
-1.721762287499868593e+00
-8.179963164568226919e-01
1.336570089810860784e+00
2.694897904603155703e-01
-1.874578573798279857e+00
6.942690482891419324e-01
-2.362628964035370094e-01
-1.227148541238082702e+00
-1.667381883792128150e+00
4.227918129829411065e-02
-2.463282727788276838e-01
8.104368524406553309e-01
2.786081455945261798e-01
-1.176256292980860430e+00
-5.335180588368505505e-01
-6.167420527690005150e-01
-9.630905875633957169e-01
-2.272915690578864112e+00
-1.660651169627951340e+00
2.768145401447545506e+00
1.299727738957772383e+00
1.382937527842495129e+00
-8.563225200990758346e-01
-7.759871061559897587e-01
1.162327303479994356e+00
3.083067835891231678e-01
1.555161828074667074e+00
-8.492102721251626463e-02
1.551206917404707175e-02
6.883900963195725975e-01
-8.281462771627191577e-01
-1.811188204862920648e+00
-6.791225611475814050e-01
1.852759018074707775e+00
-1.233840854759960415e+00
-8.463565050483675689e-01
-8.048466801288240990e-01
2.732561800185576706e-01
-1.161703001331317875e-01
-1.443490131174899993e+00
-1.148883544178922023e+00
-4.920338198765108473e-01
1.395264737719670300e-01
9.135446248753031906e-01
-5.300959734653707400e-01
-2.171624113799118128e+00
5.820431631327125377e-01
-1.072780742196032921e+00
1.372711936101294938e+00
-6.983586624978446178e-01
-1.749565163664426937e+00
3.805005040213488288e-01
-1.140238280984612329e+00
-1.704568524115834816e-02
-8.592594349142304577e-02
1.098173423883969102e+00
-7.765539779315187019e-01
9.861352619058241231e-01
9.123109677394278805e-01
-8.930476711844741455e-01
1.142418005443693652e+00
2.177540660661956728e+00
-6.677248142093583638e-01
-1.498387745221867018e+00
-1.611996806892848966e+00
-8.219238346850167298e-01
-2.791271347041491158e+00
4.255847563877894479e-02
1.084876964688388234e-01
-1.208426290893115151e+00
-1.237631955497192626e-02
-1.832552633291985256e+00
-1.197054105572210370e+00
1.358630540352986804e+00
2.457005133042502898e+00
-9.975930015932754635e-01
-6.299802087621239055e-01
6.562468238667571452e-01
-4.303443114510224765e-01
-1.313759490579610834e+00
-1.479703517324956197e+00
-1.299609914240829056e-03
-1.373124221110044729e-02
-1.875240544449755520e-01
2.959251909067125430e-01
4.841261140931241158e-01
-1.046519128529754816e-02
-2.043997942439430560e+00
-1.400877588614684033e+00
-1.179410112677380829e+00
-4.687812877095922093e-01
-1.480259251304299806e+00
5.124436497644903055e-01
-9.546912571014756210e-01
8.044093999401880080e-01
-7.426262112761589096e-01
-1.226307904989944131e+00
1.678661545687353818e-01
-4.156940354196221321e-01
-4.515952644060112764e-01
-8.539511972411376051e-02
5.095815310876304904e-01
4.392007561392778370e-01
-4.107114735218849733e-01
-1.708310301495768790e+00
4.127266851633715206e-02
-2.764222593205452605e-01
-2.400832150452578695e-01
1.126858472610653639e+00
-2.917174036284703731e-01
-1.763861879051332959e+00
-9.141332990056882934e-01
-1.633702113341265250e+00
3.985128925692322244e-01
9.103968347158619689e-01
1.560699426310090399e-01
-1.417706104200321171e+00
-2.845076858281303522e-01
-3.795511228640108814e-01
4.707342505224048068e-01
-1.449319025883107903e+00
2.450446953358091928e-01
9.679818227192605873e-01
1.334573729064566061e+00
1.820134148092318327e+00
-1.682705962188375759e+00
-3.073294408665854238e-01
-7.789313096967630523e-01
-9.763956839214565919e-01
1.132210149611769801e+00
2.609460007855269215e+00
9.515308742794867936e-01
-1.691357434076757427e+00
4.103609988416866416e-01
1.176062849030040214e+00
-3.726204758472084766e-02
-1.242292782860068279e+00
-1.065270600562534087e+00
8.516000624648950579e-01
-1.857055519613065142e+00
3.365673898262877550e-02
4.073259065012115876e-01
-1.367474003358155610e-01
-8.370390192337771040e-01
-1.372555505878768622e+00
-1.034535375300896565e+00
1.073729404251499098e+00
-1.948944394151408410e+00
-2.040839551261661167e-01
-2.946547633027095436e+00
9.741948693537385573e-01
1.424783495167495140e+00
-4.218533588377957333e-01
8.225105767911666810e-01
-5.356937120034859223e-01
1.091432676678693259e+00
-1.061404682847471470e+00
1.336816657084612059e+00
-1.985294266389656670e+00
-6.924192910022448633e-01
-1.018031165613166422e+00
5.751334114659620855e-01
-2.407372718076643103e+00
6.529162977532639855e-01
1.487429365573525120e+00
-1.005179693733575075e+00
-3.727790377894788509e-01
1.005547746656906716e+00
-3.073048528279025415e-01
4.448761124661608779e-01
-6.777041384245656719e-01
1.784390016462416240e+00
-1.496802528169284052e+00
1.818541044114179162e-01
-6.182991417877210516e-01
1.455629461202854857e+00
-1.487650053350515922e+00
6.216093994961187086e-01
-7.092927461409911372e-01
-9.635264102454830226e-01
-1.861109609774650453e-01
-3.402491918067798160e-01
-1.041702753421413608e+00
-1.011579041994238315e-01
-2.800867396658379693e-01
3.473298213788177935e-01
8.906963277988113603e-01
-1.553997534532998603e+00
-4.447439614839024946e-01
-1.181369317584571421e+00
1.761770818465597577e+00
-1.200787845060911962e+00
1.015166948609797837e+00
-1.335462961198108589e+00
1.277890516587257275e-01
-4.851146679558649977e-01
-3.353436543535732728e-01
1.198595005296297034e+00
-2.288679613627691456e+00
7.842402319056854254e-02
3.015421367306011513e-01
-9.350686532610092971e-01
-8.506880979081226091e-01
-6.042854883197694704e-01
-6.205644098503249051e-01
-1.834946123282080066e+00
9.261241809354092691e-01
2.096565042531876033e-01
-1.890517888660557810e-01
-1.539864582514852476e+00
6.987644565252656426e-01
-7.610006885650989483e-01
-8.021407772917561463e-01
-8.939120197045574701e-01
-2.642619218208638099e+00
1.248775552351466089e+00
-8.540876844513700661e-02
-4.863052518072621400e-01
5.585567272476162914e-01
7.620843212680541434e-01
2.542934829995788237e-01
8.753277635899775477e-01
-1.081728742304742141e+00
-1.068013098480545819e+00
8.551197025071932689e-01
-2.164151699527292472e+00
-1.537676818790195243e+00
-1.167066787504530634e+00
-1.081371768015665369e+00
-1.242532668737678758e+00
2.088077847076142135e-01
-1.743786722839822501e+00
1.016858801285011715e+00
1.206509732198176366e+00
-1.010301998767632714e+00
1.515360656527710459e+00
2.196641322826358156e+00
-1.074505980064164312e+00
-2.846736180810660599e-01
5.374747102954103850e-01
-1.716959534729203929e+00
5.153436902971753053e-02
-9.465653190624332414e-01
1.752626876599505223e+00
-1.749668583665605626e-01
-9.763640240758282296e-01
8.032171760620376855e-01
-3.228749162805888417e-01
1.440890509172069400e+00
1.334586132479676168e+00
1.321059351124141135e-01
1.225588403231732348e+00
-8.616889739485400490e-01
2.763612280486752448e-01
7.265300033915957911e-01
-5.499405528648459995e-01
-4.733226155844693084e-01
8.527524774371342264e-02
9.355571596840001058e-01
-2.107468900501871634e+00
7.533561545461870956e-01
-5.056880865577169093e-01
-1.236748327259211244e+00
3.695494820987179629e-01
4.306627309983360741e-01
-7.283082928726665184e-01
-2.164738324104553691e-01
-1.509950265812429526e+00
-1.757498263328308941e+00
-9.723611113975538789e-01
-2.050521177116630511e+00
-8.857924746228961199e-01
-1.004301926533804457e+00
5.257026791797425602e-01
-7.633105734986701529e-01
-6.741809778692940958e-01
-1.264164657781497558e+00
-1.928109161596497145e+00
-5.133599794292978968e-01
-1.334825172108004443e+00
3.524104290704078990e-02
5.582939699052021087e-02
-5.656682091520689459e-01
-3.071908861170362659e-01
9.597651723659356149e-02
-1.460766402719661849e+00
2.125373796800377191e-01
-3.957431486388331976e-01
-2.989427501235565332e-01
-1.090767861990660670e+00
7.543209034266575852e-01
-4.085143805610488843e-01
-7.211785670574104579e-01
-3.444751600431313898e-01
1.228816947591307329e+00
-8.713446015706691750e-01
1.871098089947733079e-01
-1.404551789126322059e-01
-8.186459881927227178e-01
3.353953176145322290e-01
6.960592912921330644e-01
5.782186626031498022e-01
4.818987248747508834e-01
-1.238726530315527596e-01
5.862438976418421488e-01
-6.986915625996175105e-01
-1.075087939812483739e+00
9.315858525167369786e-01
3.513631610912371084e-01
2.504805357176786984e-02
1.271235619769167435e+00
-1.846028938209154369e+00
5.326458752024524346e-01
4.300295818352822819e-01
4.977007371563227922e-01
-8.779727858468656665e-01
-4.744572458536254755e-01
5.964527809254276391e-01
-2.781030039168561618e-01
-4.682276274004206762e-01
-1.127938677161838710e+00
-2.270412831198672099e-01
-1.719025833750121857e+00
5.672105728191468854e-01
-7.139162636734603939e-01
-7.398926279211190948e-01
-3.960159908445880506e-01
1.331621093664520306e+00
-3.191761189171994917e-01
-1.187319036646487413e+00
-7.772227704544767413e-01
2.436447891043560077e+00
-3.451432946458669604e-01
7.374576138228974842e-02
1.853961458325035783e-01
1.616008029467734808e-01
1.131981130475529396e+00
1.917142254045096195e+00
-8.530489423674435523e-01
1.308518689419013947e+00
-1.047771269189464505e+00
5.723235138092949148e-01
1.209412020855860748e+00
1.135932012642553168e+00
1.652886411108519304e+00
-5.817388443948090515e-01
-2.167058364604569631e-01
-7.465351030181900382e-01
-2.327952544740446994e-01
3.959822246145753288e-01
-2.125694383650118979e+00
-1.119412316640103988e+00
-1.002782656733753885e-01
1.586619091190456965e+00
2.026584075734129686e-01
-2.389023712426404655e-01
-8.961262003952268351e-01
1.768414346246371061e+00
-2.186608572604488376e+00
5.507641948188563008e-01
5.802911887267983015e-01
-4.087186441517878799e-02
-1.146432104515435535e+00
1.898211316323557551e-01
-2.371926611278787789e+00
1.158099477038459835e+00
2.292556795286419813e-02
1.389705632833141413e+00
7.157255596677346565e-01
-6.700063746075476390e-01
-8.078044518892507631e-01
-2.926631537058005161e+00
-1.765468059435560289e+00
1.726269411100915807e+00
-1.105970989730159282e+00
1.313238959032745345e+00
-1.020263808912490688e+00
-3.442240613077736100e-01
3.623689266854113189e-01
-1.653531999712233858e-01
-7.150301805740304495e-01
-5.785658459946848575e-01
-5.284788236186431787e-01
-3.243005758922259396e-01
1.156959075593668729e-01
-6.238363426193387351e-01
-1.622011961232983079e-01
8.620715521067583431e-01
-6.405270397231860313e-01
-1.731559181367228861e+00
6.386969960938023716e-01
-1.377352533856754380e-01
-1.407002759748397835e+00
-1.724422033698256751e+00
-7.633469754696262655e-01
-6.929395744980113570e-01
-6.158873125748194344e-01
9.529141841745912833e-01
7.155393963398787305e-01
-1.808871769955024078e+00
-4.372297317256910176e-01
2.550498880503958565e-01
6.713487966971726228e-02
8.313836134173189230e-01
-4.713331596629354303e-01
4.849317534317079126e-01
2.493222998206178764e-01
2.589728974489483027e-01
-3.497301509207931258e-01
1.053314732263875619e+00
1.724259402614278791e-01
-1.467995643674121720e+00
-7.029838535012069567e-01
1.301053751633907130e+00
-2.401166245933717747e+00
-1.505773085078054296e-01
-1.475004989356847540e+00
1.012582425034675770e+00
-1.369211719882499900e-01
-1.266337439931354558e-01
-1.171101167878039639e+00
-3.900898772845066143e-01
5.749919949916479922e-01
-1.576137104737234562e+00
-8.551148924897589154e-01
-1.202830328112959535e+00
-9.748956715319000432e-01
-3.474210016669895928e+00
-6.376163886728157815e-01
4.478655960627834220e-01
1.044799438239578215e+00
1.291751056802683761e+00
-3.200920612689592826e-01
-1.490496990064452687e+00
1.312152321227209595e-01
-1.538354262221362845e+00
-3.562972149365448704e-01
1.593458040669042397e-01
-1.428945545567443132e+00
-6.134386367801949458e-01
-2.854959087042036048e-01
-9.488373599322537100e-01
3.772718318997978493e-01
-1.917680105497100163e-01
3.762691123649414271e-02
1.207024337070845998e+00
-1.550744402737254113e+00
1.354047793581470094e+00
-6.820729439683702322e-02
-1.955890699855403980e+00
8.599798445802262492e-01
1.541450732802485124e+00
-1.225635301313275471e+00
-9.179220316351087705e-01
6.168239363421362809e-01
-1.895955444134633794e-01
-8.679581997241054836e-01
-4.090514737676795853e-01
4.642109104839161615e-01
8.581239522686832932e-02
1.564128099340441613e+00
-1.179798456040082044e-02
4.839132880245347046e-01
6.068846570070489665e-01
2.117744486888883504e+00
-2.673284285920856540e+00
-1.197875736850030348e+00
-9.211140224334850579e-01
-1.433185506573774415e+00
-7.342111407383786759e-01
1.250987929140670474e+00
-1.005337900167530440e+00
-5.981936956976119379e-01
-4.669720462909557890e-01
-9.345195779199690911e-01
-6.919243830697678899e-01
5.428880608535811003e-01
2.743367359125100657e-01
-8.503776457093038810e-02
3.617686344439774437e-01
8.784595710519636780e-02
-5.351623113426136058e-01
-2.396609035126356257e+00
-1.534120082640810789e-01
4.668722985400829417e-01
-9.892755579930913035e-01
3.027313503644682990e-01
-8.558805578164661032e-01
1.033037259169473920e-01
-7.592215943258606714e-01
-3.368456085070655748e-01
-1.354082176394673542e+00
3.513603957154426416e-01
-6.350156547351029079e-01
2.604581649667463417e-01
7.797671004524537874e-01
-8.307703152552542436e-01
9.057679835588619000e-01
1.173096934314375867e-01
7.224721707618931843e-01
-7.816271410062993752e-01
7.443993641097885750e-01
1.482743820112358168e+00
1.273795337981630693e+00
-6.943684741256589410e-01
9.319261899986078790e-01
-1.471429347976809909e+00
1.428214392393025278e+00
2.359162762576887951e-01
-3.294463767335560789e+00
1.203834837600260554e+00
-4.696695116864718633e-02
-1.005372415148810594e+00
2.878553708576723213e-01
-3.824429217720584639e-01
-1.243748261613998762e+00
7.877990954194491469e-01
-1.581167677906793356e+00
-8.364279236028342446e-01
6.502116168177229927e-01
7.277518307515248308e-01
4.440164529613429001e-01
2.640237146391525291e-01
2.389246739661811669e-01
-3.953474878877454857e-01
-1.161199337438081569e+00
-1.489573342870533335e+00
5.515974585879045433e-01
-2.463354557784316334e+00
-9.769456129218123674e-02
8.103735428225458115e-01
1.144253455489735449e+00
-6.388259020271735977e-02
-1.104654000529050384e+00
-9.159222658064787304e-01
7.659372718857891948e-01
4.529047687745785256e-01
6.103054172334437810e-01
2.109601077027037086e-01
1.094224635867500073e-01
-3.412256929949006867e-01
1.436588311926536021e-01
-9.523320465054327943e-01
1.501029208506552859e+00
1.955139637027035193e-01
-4.292861929761595530e-01
3.551946092246417996e-01
3.835788672197063542e-01
1.455339558409033618e+00
9.036515106343618875e-01
-2.317536043062213835e-01
-2.497964073117064920e+00
-6.418214598171532170e-01
-1.394715904454849609e+00
6.341150389676060151e-01
2.066230408019831266e-02
-6.988395650573431261e-01
-2.039753286395193932e+00
7.038261921567044999e-01
-1.812187722033975046e+00
-1.108249789475074243e-03
-6.708822786730477272e-01
-1.992519620720701212e+00
-1.806000015077547260e+00
-1.278060866842186227e+00
-4.159772804119425405e-01
4.354154513715340902e-01
-8.792982466362929683e-01
-4.174828924115564499e-01
-2.278132796545359273e+00
-4.447082428764959627e-01
-5.517154268289835573e-01
-3.009672588347948263e+00
-9.258040889247740601e-01
4.472116244251941874e-01
-1.848716315624132633e-02
-5.766829544993736789e-01
-3.034611074442995493e-01
8.087682713017238512e-02
3.035885058212706156e-01
6.944163878016778035e-01
1.156732959788647319e+00
5.612004005331916456e-01
-9.499820586548466395e-01
-1.996009865945155948e+00
-1.843276748476897930e+00
-5.186467822985036946e-01
5.104308429579766937e-01
4.243988052551311840e-01
3.663727551862511200e-01
5.342744209457184201e-01
-1.212090665690959135e+00
-2.450938057705733253e-01
-1.789336989696403757e+00
-1.091219300491989230e+00
7.958293393642187352e-01
-1.394362189951287245e+00
1.814481243595449378e-01
-1.610263099919121865e+00
-1.205798898000203900e+00
1.765649710545100337e+00
6.603258600362109654e-01
1.687661631912358962e+00
1.082471168781731219e+00
-1.763289409388942630e+00
-1.671931910180628700e+00
-1.104855037212474578e+00
-1.227877896937891400e+00
5.659325111014368304e-02
-1.040904954446260744e+00
1.370205763381254327e+00
-8.015804251408353842e-03
3.699200450161798520e-02
5.932515884731396349e-01
-1.123581329185119548e+00
-2.143304877451274848e+00
-5.521124753913037031e-01
9.831058316684840870e-01
1.062003750782896105e+00
-1.597126104343217889e+00
-1.723693673861416142e-01
1.291429093210532342e+00
-1.917249932701433623e-01
-6.105708201372023192e-01
5.767118298858833203e-01
-7.152800408734093507e-01
-4.074067135367828163e-01
-8.760898349945458463e-01
-1.463752932503517901e+00
1.647833744106638632e+00
-7.187819408238618202e-01
-1.467939967348264041e+00
-5.571520438397727093e-02
-4.037423669880614852e-01
7.922347228076682679e-01
8.633335558265509135e-01
-2.633321621981931093e-01
4.082008732279786556e-01
1.241974241873641471e+00
-8.694084663383336298e-02
-9.716955938316738095e-01
-1.444632471022534448e+00
9.987267565507844669e-01
6.586282621471166721e-01
5.509977075119729673e-01
1.101792838813643982e+00
6.666209378287255571e-01
-9.343870365897066765e-01
1.427857918441231444e+00
-4.794418993249778271e-01
1.279475258050003728e+00
1.399780035533949585e+00
2.207110209523973354e-01
-3.113243173765658511e-01
-7.101415392898111634e-01
-6.130877055486507743e-01
-1.107599807341919318e+00
5.598341223325391525e-01
-2.663712775873929850e+00
-3.645331370627337142e-01
-3.461993121854217703e-01
-1.201288260295106713e+00
3.234847191434260805e-01
8.595137196800206603e-01
-2.670954857229689283e-01
-1.175104794234138189e-01
2.963427568464962469e-01
6.392109077471017642e-01
-1.007652429366818758e+00
-1.679465906173684520e+00
1.060739361484218435e+00
1.017298988634737000e+00
-1.108526932565509604e+00
-2.736733881462253049e+00
3.691651451059182465e-01
1.970654102627655835e+00
-2.862467425170337698e+00
-6.865497851314047439e-01
1.145379354641511416e+00
7.521053429697321935e-01
-9.955406847298522433e-01
-2.581168869025568746e+00
3.595649103594008578e-01
1.473827881098191295e+00
-2.563117691824401412e-01
-1.210004047384590553e+00
-3.912180821764904004e-01
-2.663297982316396029e-01
-7.556226816353546205e-01
-1.895429968781590369e-01
7.624886934797396876e-01
-1.329963825862741311e+00
-1.763001351767755076e-01
6.174581517245114615e-02
-2.985054932086883550e+00
-6.700857321290949464e-01
-3.167404841704732910e+00
5.052884918228428557e-01
1.100386759621365118e-01
-1.399556040105556232e+00
7.285489205586581640e-01
2.895953047506547584e-01
-3.109943934651842490e+00
1.914532146330619744e-01
2.199912186504748013e-01
2.157949737103529664e+00
-3.696016486939822654e-01
-7.284964853743930435e-02
1.070981734506589511e+00
-9.116861417653913113e-01
-1.336651992906626729e+00
9.001302462133531357e-01
2.126334208336289056e-02
-2.738544226838961482e-01
-2.705949224284318611e-01
-5.979330381827636653e-01
9.954897092731876396e-02
6.261540467751612882e-01
1.517613517612718343e+00
-1.313320753309822564e+00
-7.606843544179533456e-01
6.501990133409406569e-01
9.784954546585606927e-01
-1.291730526273922486e+00
8.211612625547676236e-01
2.269446214526817052e+00
5.358225595301565614e-01
1.113491765990605398e+00
-7.353108853789996902e-01
-4.100069579644057827e-01
9.074234113317779515e-01
-1.439732167859531176e+00
6.000397168230453548e-01
1.149731335074881899e+00
-7.462529354877963650e-01
9.152158073060152610e-01
-6.714391242366239965e-01
6.712547379376099244e-01
1.397140246463826618e-01
-2.236659252985618629e+00
-6.714870893683225761e-01
-9.615124948165636454e-01
-1.096019859603197810e-01
-2.477175636518340163e+00
-1.227485758755283207e+00
5.786225048308011321e-01
3.360584725135827289e-01
-1.347700667740877822e+00
-4.396355817899612606e-01
-4.093416487305666651e-01
-1.685201209711517656e-01
-9.962349990048382509e-01
-9.009903599443971345e-01
-7.937473132951360366e-01
-1.514882850973104933e+00
9.313092316178728236e-01
2.790555313528811365e-01
8.203622508653225509e-01
5.793584462399661295e-01
-2.214569723494617115e+00
1.490158538953176182e+00
-5.240725575289539862e-04
5.411337169027838900e-01
-5.212432137632627693e-01
-8.311263477122073917e-01
-1.046073153259742261e+00
6.182177178660350769e-01
1.183022478509617059e+00
-1.035224484079206864e+00
-6.221228851709704744e-01
2.092986240315995339e+00
6.196631763121561720e-01
-8.061189500764966986e-01
7.208131719766489587e-01
-1.121056679147246049e+00
-8.473642922382285114e-02
-9.522424200226267121e-01
-9.339280675562265932e-01
-4.763086235871542007e-01
7.224161640183071609e-02
-9.855377888915185514e-01
-3.221388115971510757e-01
6.685828832321012438e-01
-5.563124907537604358e-01
6.586316808811917833e-02
1.464591543989044453e+00
-1.117901642449693256e+00
1.948867447321510848e+00
2.988249774454981855e-01
4.808274575835024267e-01
7.204004006469899579e-02
-2.106166201499235058e+00
-5.737692671340730577e-01
-4.437052480861666259e-01
-2.648806028197139839e-01
-8.251019626447163580e-01
-2.078457738809151578e-01
1.625395697175378573e-01
2.587378167775183924e-01
1.868925290055047483e+00
7.982190843637821942e-01
-1.930190017851561302e-01
4.172659522281948474e-01
1.591685672857306111e+00
2.728999376037677393e-01
1.344872388666427998e+00
4.403912006360635178e-01
-3.675508471566364399e+00
5.176351167086671312e-01
1.529365551754989228e-01
2.616457155295753845e-01
1.352289422103777339e+00
-4.926231875506565938e-01
-5.428334999785184856e-01
-6.854596973390523207e-01
8.082315703628130121e-01
-2.900362235773398245e-01
6.078313107287346417e-01
-1.029879416137148507e+00
-1.049401000917514315e+00
1.869630313990125359e+00
-3.045702826311769140e-01
-2.426636441149841783e+00
-2.834978812297267226e+00
-4.928851319503888551e-01
-2.126514485483770756e+00
1.014975252134839301e-01
-2.809689388937048893e-01
-2.956616590854768134e-01
7.944164791260048819e-01
-2.230184377759181213e-03
-1.651923469699072333e+00
-9.674566742413410747e-01
9.886074320906271806e-01
-8.328813474020599905e-01
6.667938839785891858e-01
-4.345134570328033075e-01
-1.128754965075323025e+00
6.095463421888738242e-01
-2.212102242739308444e+00
-8.353410494563120459e-01
-1.767029663543482482e-02
3.412282581146380833e-01
-1.061382576961723112e+00
3.324232786307629306e-01
7.869850777296888422e-02
-4.981551132438111207e-01
-3.883476901924011182e-01
8.529164879305496383e-01
1.557574360745014874e-01
-1.979225035380416164e+00
-1.544668135460761871e+00
-7.353622479649184474e-01
-3.027314735449113225e+00
-7.327764945325343504e-01
3.628316251906363865e-01
-8.827618428252590466e-01
-2.798663773065732663e+00
-1.803682018687666200e-01
3.832537462698546449e-01
-5.738538153678631737e-01
-1.192806184372062539e+00
3.118022428531930235e-02
-7.372944828161775987e-02
5.827720266002881511e-01
-1.105417537826646424e+00
-2.403586637158158901e+00
-8.867360339725041118e-01
3.150001291320970176e-01
9.947248507886410351e-01
-2.331247814408512031e+00
-7.684842611041968752e-01
-1.193927580031771907e+00
-1.811988170516870778e+00
-1.538169370909785005e+00
5.914669364673361684e-01
6.823802169030305231e-01
7.601644562807425842e-01
2.566499112565002183e-01
-2.585303234566245223e+00
-1.011992967894391526e+00
3.625579523176249985e-01
-7.612512416408108162e-01
-2.518543623929485609e-01
-3.350525862703753743e-01
-8.950711701260779529e-01
-4.519991017932868393e-01
9.620116833208154361e-01
5.180466163908145627e-02
2.837325144120150799e-02
-1.555150542511533729e+00
-1.278832269703306768e+00
-3.688562836745568063e-01
-5.238918036349080598e-01
4.910715068638404901e-02
-4.589689939773332616e-01
4.791771312216763778e-02
-1.091107249476626961e+00
-7.262419795602892414e-02
7.392170823392143486e-01
7.429570422118030315e-01
3.454153962771931985e-01
-3.245480258231416282e-01
9.808063978461465382e-01
2.503918736482091401e-01
-5.755447142302326791e-01
4.259946542604081676e-01
-1.051834166461038000e+00
-1.347306339139971998e+00
-1.100902774685694752e-01
-2.691519126711147125e-01
-6.516751004241957412e-01
6.167392776107708530e-01
-1.174443400200228638e+00
-6.998114412252425254e-01
2.511418642413948410e-02
5.020193157848210075e-02
-3.793664170266540236e-01
-7.169802657637103227e-02
1.556915323605405854e+00
-1.725258340757477082e+00
-1.192470552228369618e+00
-3.735578058858909367e-01
2.692359945527882381e-01
4.734130544320491740e-02
-9.865964462636039878e-01
-3.215632345043339946e+00
1.288106447316367253e+00
5.311293224613813369e-01
-6.265386785940336711e-01
-1.310028489473315183e+00
1.704797414098102148e+00
-6.387209891803380390e-01
-1.238309964928682588e-01
-8.953492017942250580e-01
-2.365513207926460693e-01
-5.565210408543934673e-01
