7.392336530139154149e+00
2.107562260506250063e+00
2.489867777430078366e+00
3.688460462329891776e+00
1.091543879658441796e+01
4.115846546878781709e+00
2.046730974354626476e+00
1.335746868025728240e+01
4.186595592186435510e+00
3.210994589092441842e+00
3.615648622166695692e+00
9.162074384182997022e+00
1.393078529515685560e+00
1.214080467079063030e+00
7.595982471059248287e-01
6.291518410664322047e+00
2.613544296221002927e+00
-3.415696651560775621e-01
-4.192587623059638169e-01
6.464756294302844708e+00
5.451300268137319271e+00
1.267251769145488982e+00
1.207195763361055008e+01
8.187155671385282218e+00
-8.513170681355138214e+00
-1.176394333972377915e+00
7.084085903424359287e+00
-7.343425720989160688e-02
2.172241411633045072e+00
6.367056686263179444e+00
1.647876813969898180e+01
3.455364802132669944e+00
4.830144649961942704e+00
8.650076401676910720e+00
9.997211053752790733e+00
5.321329426715166733e+00
8.653211291329993671e+00
-1.966086390156911445e+00
4.190045839711579845e+00
5.136696620017186632e+00
-6.372000911729558403e+00
-1.645635169623711924e+00
9.821076739452550441e+00
-2.454063886495193803e+00
6.861443411518658664e+00
7.110704068979656789e+00
4.994633833255392119e+00
5.524977270067939372e+00
1.979255531657236888e+00
9.801213249101392577e+00
1.513572764647015134e+01
-1.392584154595737589e+00
5.338723554319557252e+00
3.643677040633443553e+00
3.456171241159853746e+00
1.275549907466867250e+00
6.950119783722268352e+00
1.862844334135562940e+00
4.418100821524144628e+00
6.113917416105419278e+00
2.196979516160146861e+00
7.393826522478375907e+00
-2.573065173459205823e-01
2.885844030458569076e+00
7.207622976794752390e+00
2.871558853538202172e+00
9.981323831135009428e+00
1.251778223421811198e+01
-4.159181009605781298e+00
1.139622513584768981e+01
1.287329102726847196e+01
4.771261025663460664e+00
5.201232746210917135e+00
2.980225504930579472e+00
4.184426716182358952e+00
5.795364444474737198e+00
5.543931480946737267e+00
4.076844707568205273e+00
2.337240245064020172e+00
2.026386501224289205e+00
4.359051564658461331e+00
9.927010157205586438e+00
-2.061049731424473119e+00
-6.146113810455950954e+00
6.984436121454757007e+00
4.774107462018218229e+00
5.175036801812713527e+00
5.868386242248884166e+00
-1.772155448843496739e+00
7.689135402745324477e+00
1.076180917565219985e+01
6.130210008925642384e+00
6.843646268156670764e+00
5.475253805313352373e+00
8.340457668506481070e+00
-9.037011074968845037e+00
6.477313736501331576e+00
6.257111449557563709e+00
-5.139136500388358897e+00
1.050331895706133167e+01
9.817312631287249403e-01
9.185366470083286217e+00
1.082696055944647284e+01
9.136363923349728466e+00
5.971834041402424020e+00
7.915511438517016884e+00
2.661806536003268775e+00
-1.681198586127745642e-01
1.362552596015167339e+01
5.138349955748056530e+00
6.413489408825487459e+00
1.243032764847250959e+01
-2.557869846215784726e+00
9.152175871107870009e+00
5.424211927272570399e+00
4.050592629704911296e+00
-2.926645031301377209e+00
8.054215076428714593e-01
-2.037938697331599602e+00
7.267514094006219949e+00
1.598971237514525789e+01
-2.949587348415929178e+00
-5.892739963484469712e+00
1.564589239742952387e+00
1.810482247730887906e+01
6.309636704117460582e-01
2.145107629767514901e+00
8.081342980098719764e+00
2.348227264784252810e-01
7.607361282498084076e-01
2.631587999892969876e+00
5.259283643985240175e+00
2.127284653003119530e+00
5.034031679377928725e+00
4.796810042800764506e+00
-2.013202861154407941e+00
-4.314550410103290545e-02
2.072816710488509795e+00
1.029647811472560726e+01
1.896841004477511028e+00
-1.447189678529030576e+00
8.217802604560013435e+00
3.511488199786663156e+00
1.109247853385516080e+01
5.668992233737182751e+00
-2.220111695156101739e+00
1.840102558728868187e+00
9.623812216964154231e+00
6.871642814163207547e+00
1.803936683676226949e+00
2.704348534640214741e+00
1.840196782940444642e+00
-8.888460813032250663e-01
1.473441102237625255e+00
1.003037479175974589e+01
1.616067845176486273e+00
3.318804478299131056e-01
6.315703238776991135e+00
3.792334974952139781e+00
4.788924613171799294e+00
5.462560546816328966e+00
5.670775242716756814e+00
3.009998022674769125e-01
6.826299128567363539e+00
9.362946978033228618e+00
9.222698596115193936e+00
7.486985330858578536e+00
4.774505997013168468e+00
1.713199959530980809e+00
3.451859151942313186e+00
7.627579760034874923e+00
6.149480363919351156e+00
5.657122006068798115e+00
2.986598375044759113e+00
-3.836492109343726753e+00
1.155904772050182672e+01
-8.841879827551479831e-01
-8.832828814020987629e-01
9.232027999895788817e-01
6.742686954540388911e+00
6.954629436551528876e+00
9.997270550281264434e+00
4.054282512206514255e+00
1.588897389476082722e+01
2.795867321276187312e+00
4.244773674365466931e+00
-2.407805450994154661e+00
1.169112895262003882e+01
9.095716654279620172e+00
1.011183800856980319e+01
3.823889024399019565e+00
1.148005719567080618e+01
1.039940230971794666e+00
1.335612488950779664e+00
6.750349640171254606e+00
1.802747573501673806e+00
5.275801820729900449e+00
4.845623543515434228e+00
8.734279639088498470e+00
-2.074603310545279911e+00
1.012325926838002133e+01
9.698615977830506552e+00
1.454640234668183041e+00
1.024614177330869325e+01
-4.021075427246876721e+00
1.513050014265591825e+00
-2.802576380380461529e+00
1.374272268017231013e+01
2.826782884347500246e+00
3.426499751364315838e+00
4.180247465944130880e+00
3.503529125876606809e+00
2.751329322686367540e+00
6.330144325568696217e+00
-2.268188413234407008e+00
3.312758887940452368e+00
8.446929409367056607e+00
9.518287921368202120e+00
-1.306680977377189468e+00
6.500026796824627695e+00
2.876740232343248493e+00
5.453863246929913977e+00
1.016444237148713725e+01
8.411538199040501596e+00
6.052272778438945622e+00
5.405692802465669189e+00
3.873548175475928446e+00
9.488014353192181005e+00
-4.235872235504104744e+00
2.568405843400174859e+00
2.949872695412087076e+00
1.624998571744704856e+00
4.238286644417112115e+00
3.548575391068570895e+00
7.260014994744252270e+00
3.266863256884823041e+00
-1.079542537653059853e-01
9.126081842461603699e+00
4.894395374332094484e-01
-2.728203822817804713e+00
6.815906061716352493e-01
-6.681182474603009069e-02
8.473903211901392396e+00
4.469851429630635309e+00
1.146074113028513608e+01
4.900069953145139934e+00
-2.884259068611733312e+00
7.261089185273670310e+00
3.506404792210513932e+00
7.907254346256012312e+00
1.978007783540866704e+00
7.415337044262874322e+00
5.772441038034338945e+00
2.208196724519059462e+00
6.273489247285414905e+00
5.738534344442049573e+00
5.859093292276651432e+00
1.161775355048432701e+01
1.772865867414732621e+00
5.050317546350753695e+00
4.734157104658031301e+00
7.643359238045112747e+00
-2.173683796418182546e+00
-2.016263180056432347e-02
2.006252376034250329e+00
-1.647035179755306444e+00
1.426136873887963397e+00
2.682600931494314889e+00
6.697319316217493324e+00
1.903626959440948063e+00
-3.420265323571392013e-01
9.908075391726477221e+00
1.540516717189360563e+00
1.596705887663242684e+01
5.918355412464817000e+00
9.518715124480708667e+00
1.285467285930088188e+01
1.314533959819952358e+00
2.661721005099614956e+00
8.840394193783387422e+00
7.262033789113305104e+00
5.803629568376705627e+00
2.872708941072419364e+00
5.050569886888104598e+00
-2.773282378626372946e+00
1.362660056911650841e+01
6.584408300417243787e+00
9.494333247201451442e+00
-4.962020566321461601e+00
-3.670871560587119831e+00
9.405362951181457376e-01
8.177301295046877527e+00
7.731608576548252287e-01
1.306243313329294509e+01
1.181115191763631778e+01
4.916250219689864309e+00
-2.661522132558027387e+00
8.097154643364696369e+00
1.419042391227123545e+01
1.197108510455469066e+00
5.785755262768255136e+00
1.081874684169987511e+01
-6.294906347864901441e-01
-6.371326099104122065e-01
4.947097920449730069e+00
6.638171800496470709e+00
7.708634966366878949e+00
1.677541196725930384e+00
5.679185976207056896e+00
1.313341072676170995e+01
4.989249798661179902e+00
1.022845457033957928e+01
-2.868254625378350298e-01
1.938663134349225547e+00
-6.091309383597498517e-02
4.441639230152806483e+00
-5.128360668905638242e+00
-3.473888947668173910e-01
-6.783243623682215784e-01
8.602289120655107979e+00
3.484122544548012623e+00
3.216483044891949916e+00
-1.296554707563104314e+00
1.003869682935830676e+00
3.569655870577683743e+00
-2.849077981509704482e+00
3.479082783711025861e+00
-1.197428597872734368e+00
2.993160096773135770e+00
5.719000677060684268e+00
7.341503197539955394e+00
6.811664583269672057e+00
6.139849330651125925e+00
-2.208420203127797521e+00
6.862396646628178942e+00
7.201903869183776230e+00
-5.505731314774977569e-01
1.001906957745881144e+01
-5.237407294896036625e+00
3.835180096981681608e+00
2.255276792550498399e+00
4.390490337232096252e+00
-1.402464392479922495e+00
8.900239342214803173e+00
5.508008004210862119e+00
4.998678618573956456e+00
1.116259639447289764e+01
8.705156148890131895e-01
3.084066110995431931e+00
7.241728719785873736e+00
2.252249930653373422e+00
-2.916786064312924420e+00
9.976459657214926224e+00
2.859870511336896293e+00
1.633765678044495573e+01
9.554962013908026019e-01
9.184723209514849884e+00
-7.636795290150910631e-02
8.275244147994939681e+00
2.515586351349300198e+00
7.732441392159032922e+00
7.255248561590931899e+00
9.620665232630809527e-01
3.302045510382350724e+00
-1.709147560346043537e+00
7.141897756448900125e+00
4.995845355559765721e+00
3.506275437406078055e+00
5.266726337540772462e-01
3.895179245004571467e+00
8.986275444726894435e+00
2.387454926934286625e+00
6.259869966704560973e+00
7.873225869468690519e+00
-1.041065565746405408e+00
-1.051598337227342750e+00
6.294185116418002934e+00
6.594504397959800812e+00
1.777409004387018321e+00
4.164714858237404727e+00
-2.229995926662889705e+00
1.366689062982778857e+01
8.127806328899350063e+00
9.622380667198298099e+00
4.203554365982183683e+00
6.364614751622609035e+00
4.953729160790197206e+00
6.523245949415549916e+00
1.144568694917479945e+01
4.618585892325035580e-01
1.003157856871682263e+01
6.761734605606026349e+00
7.708800886450291934e+00
3.198847212116520122e+00
7.994632332739635139e+00
-1.854870301863832616e+00
8.019737253616563422e+00
8.460315650087872896e+00
3.430591675357241410e+00
7.756571721122766938e+00
3.326315298142182186e+00
4.121047794025719746e+00
5.366910457235791299e+00
7.953181038960130067e+00
1.331681340711150519e+00
1.123589865961979939e+01
1.937070365224340840e+00
8.468531565856949328e+00
1.006354619132155470e+01
8.449710225883424464e-01
-2.771807287726290703e+00
1.156708161475064855e+01
4.555046575995317149e+00
5.622808572247445902e+00
-4.540600792408784336e-01
8.783917796733925698e+00
3.175037499214933501e+00
-2.692196313688550280e+00
9.313980505099834772e+00
5.496347536292010894e+00
-1.103019489426643407e+00
5.467108643396391798e+00
-6.355938421429981888e-01
-1.164190280130585897e-01
-1.750245188249957895e+00
-3.125613532112956339e-01
4.324199186483775215e+00
2.605372084237899788e+00
3.412795393873340632e+00
8.035874848903487688e+00
7.891884195193336282e+00
4.555365485629498501e+00
1.000098236117322337e+01
5.522740537846486220e+00
-7.590118945515492710e-01
4.071176144513103168e+00
8.860484959663576632e+00
7.102180413766896017e+00
-6.115809699609719985e+00
-2.080597093372263728e+00
5.105572845170197382e+00
3.495719290079080110e-01
8.345055466558655155e+00
5.424060918290882327e+00
1.321447994155628436e+01
1.704252498183569609e+00
9.055838194467813462e-01
3.147442547435339133e+00
1.949344223886553706e+00
1.627658500448436030e+01
7.353799228377561725e+00
2.031901673685637455e+00
1.419520665019357430e+01
4.216894960927841218e+00
1.225983578535843055e+00
-2.392008655692631880e+00
2.628575339110081455e+00
6.985571363378159759e+00
3.768523449296206529e+00
1.794967577095158973e+01
4.879015494188955415e+00
7.830724848932073989e+00
1.329461970904570656e+01
1.013454241292539137e+01
2.829214865156191472e+00
2.450808361981611672e+00
5.500384872344851850e+00
2.426812566268073734e+00
5.649048878745315250e+00
2.724032142930211009e+00
7.859657075463774234e+00
5.260082863574013778e+00
5.463407878819386276e+00
-2.962966827524689872e+00
6.545411813335783258e+00
7.407300906005522378e+00
4.427968816322366052e+00
7.495113094510738705e+00
1.017274444507409115e+01
2.614991897528556652e+00
2.425914232866299702e-01
9.229954874341594895e-02
5.182871742386776504e+00
9.254508702078839022e+00
1.392778718024281659e+01
2.472271428743087807e+00
8.389459369638139208e+00
9.558296811281643102e+00
4.051378822370076627e+00
8.365364237062280495e+00
-1.564832055868826011e+00
5.027138065321527627e+00
6.946664376934660545e+00
5.247136869998037412e+00
1.849972813489163315e+00
2.538236397033435843e+00
5.368540311794904873e+00
-7.575636819619688822e+00
1.000694229833700177e+01
3.059647359109353371e+00
7.315070418526043561e+00
1.312353521682974034e+01
4.627692941096864132e+00
2.673443796541330464e-01
-2.037408625361400993e-01
5.335855640749485929e+00
-7.746781152529482739e-01
6.460632829892668738e+00
8.667055010660435599e+00
1.105348903687414230e+00
-6.857563748598003883e+00
3.745120778570983688e+00
7.812278167966608677e+00
-3.669318128130995227e+00
-3.294896124943405447e+00
4.652488232598654960e+00
7.455328580750912870e+00
2.791780088178703600e+00
6.934628441838719404e-01
5.176872925872518572e+00
3.601069191950856840e+00
8.438374992475207392e+00
-2.141380058989486024e+00
1.333546159995956160e+01
1.894713339588891188e+01
2.676680148871481091e+00
5.507032468806007941e+00
1.105629920635019836e+01
2.232177110098512607e+00
-1.795551964378047316e+00
3.378758384785695235e+00
3.195497114870402999e+00
1.149869475192162316e+00
1.111892688763444248e+01
8.041678217437944198e-01
-5.361499005474578361e+00
1.009758634797117871e+01
7.241159611752990166e+00
1.375204036044799238e+01
9.178230176599290857e+00
4.387030836047243199e+00
1.326430185535007311e+01
-1.811208410150171977e+00
8.938577103800083634e+00
7.637898224498658184e-01
1.422436109866766074e+01
5.253087089193421377e+00
-1.887527627272662434e+00
5.263107947082564131e+00
7.146334105377128765e+00
4.960602498607715738e+00
1.646723185180435589e+00
-2.622221671917984942e+00
7.756072818412551584e-02
7.727704112434593320e+00
6.480378368039577452e+00
4.246090557995768400e+00
6.951327104480691244e-01
2.428039669628327069e+00
3.254394578622084033e+00
5.903304424497323843e+00
4.198322446135080988e+00
5.678504904810974807e+00
5.504990344349351972e+00
4.691932078688713759e+00
5.869040404020305912e-01
9.163167843018616310e+00
1.082834679303202030e+01
5.224006983013446792e+00
-4.851478820269488068e-01
6.371023756020699480e+00
1.389201364858166343e+01
7.988896128367800387e+00
1.007409298993192159e+01
8.484322370628337717e-01
-2.770374458021469088e+00
-7.602589859813843276e+00
-7.589287333528224266e+00
4.365445828617287916e+00
9.118199553906642052e+00
1.032574219173306318e+01
-2.010395900541953829e+00
7.656795163221945089e+00
2.989459560940622929e+00
-1.548961479156723442e+00
5.330362105872055167e+00
7.319022460449144063e+00
-4.726828250797161068e+00
1.704251437457946938e+00
-1.851363029601901911e+00
-4.619658675720959451e+00
5.613392326486338568e+00
4.217060410870117071e-01
-5.512796951113841715e+00
-4.385956669023496346e+00
-3.824584867470881555e-01
4.528682424269857343e+00
1.031628492289999777e+01
4.467152014627638223e+00
-2.062732642735909394e-01
6.111979896087222919e-01
1.202319822632148316e+01
7.776117536303889466e+00
-5.405834537370048931e-01
9.911296151568755874e+00
1.125776836807809644e+01
5.348659675771573419e+00
-2.027245952469637125e+00
5.893884168943555046e+00
4.604943499908241478e+00
1.780774294268596947e+01
3.419456591122445488e+00
3.220139210928355755e+00
-7.071309931120277170e+00
-7.732003563316336425e-01
1.200742664239914603e+01
-1.108823479343283624e+00
5.846455941693162295e+00
5.162474117053085898e+00
5.500525433404572340e+00
1.292716756615186569e+01
3.033530765756744074e+00
4.418468851978747836e+00
2.398637812463296992e+00
1.879580727965416642e+00
5.785583061067441690e+00
1.150539596386215502e+00
1.864101951928065404e+01
1.225817981483474739e+01
1.914384630959060196e+00
3.659736176951638775e+00
1.294296088565253200e+01
1.486438463236077645e+00
3.965789850906192626e+00
7.776239627717115965e+00
-3.856440549311489718e+00
1.449520058163012104e+00
4.160133984091347159e+00
6.974731120076350877e+00
3.311236900325477794e+00
3.664878287878494234e+00
1.221644807452105352e+00
1.161023335815477786e+00
1.779034584934394037e+00
1.574135655669007594e+00
1.230689947094004033e+00
-1.674732238478694235e+00
-6.589707904935311333e-01
6.630028691816501230e+00
2.970548731928410291e+00
4.332957438979009090e+00
1.505976122838723397e+00
-1.048390509164558004e+00
3.475096402704078713e+00
4.039015898122716663e+00
7.739627156522024265e-01
-1.082915377314305871e+00
6.062931366407458000e+00
7.632145292363968991e+00
-2.434255599754254540e+00
-1.712687716649176073e-01
-1.222442135468607916e+00
5.662642016772388764e+00
5.476414510885616593e-01
-3.353460805587847648e+00
3.600804434901192508e+00
1.222380734680429981e+01
8.392013642473779456e+00
9.350742818283453772e+00
2.328059380065413020e+00
5.645153636061399638e-01
1.169642914423786273e+01
-1.044142187990875437e+00
1.695569503366374242e+00
3.231921863572913445e+00
9.131156619550969467e+00
6.111973023493395551e-01
1.215687181324278754e+01
2.862964711276156482e+00
6.801732971917304305e+00
-5.037193860923023792e-01
3.288610155022811732e+00
-3.626839048152196376e+00
1.316814180830249192e+01
4.713202433628934429e+00
1.189150505541448055e+01
-4.882807187009343686e+00
7.704590430338599916e+00
1.159321856825312480e+01
-1.744024694131970143e+00
-4.312210560329575948e+00
1.253728083565353124e+01
5.657685582278810799e+00
1.650705110770183115e+00
2.764532462673749080e+00
1.097444411968130318e+01
1.856167628111880408e+00
1.180771972822934224e+00
-5.576876295635002201e+00
3.989913422686423683e+00
5.931403730245073724e+00
-1.016968758080754709e+00
-5.765983765562205043e+00
-2.800795663876343156e+00
2.072010977420443822e+00
4.988790070832462398e+00
-3.230704973194455931e-01
-1.329394427810965507e+00
-3.898152707830632835e+00
1.612835252678154063e+01
-3.037614378296743745e+00
9.002621600769073140e+00
8.791487374687088518e+00
2.373055105741437742e+00
1.570328568728989183e-01
2.012487053564716799e+00
-2.160888242383890656e+00
6.987975156539889099e+00
-2.255395829330802737e+00
4.715942354434070616e+00
1.169915389536339489e+01
3.993811903324979262e+00
7.432685375966030961e+00
8.443562143550428445e+00
2.255635319249609694e+00
3.848357425220201300e-01
-3.842785863814958347e+00
1.098774156632210897e+00
6.341941618551373949e+00
7.535006204009190967e+00
5.914956839905185504e+00
3.236119818506031365e+00
-1.124149520782254719e+00
-1.633537428059895102e+00
-2.547636939169772852e-01
1.117007308529033516e+01
1.059257370439770085e-02
2.504790793733389531e+00
4.406765836275265080e+00
-1.647913763765054718e+00
3.439014257345785364e+00
2.591154561478630214e+00
-3.591044499993096384e+00
-1.445668729737096037e+00
1.176291556361514345e+01
7.525635334075456484e+00
7.373737360192096801e+00
-1.404217537560891849e+00
4.595318471691287598e-01
3.255717459372529099e+00
-2.111655407024760400e+00
7.615208866388677222e+00
4.659450170651217249e+00
7.107777586426760941e+00
-1.747104712365191048e+00
7.818977655984133968e+00
2.094985237975109271e+00
-1.215202490204583263e+00
9.844640852906646700e+00
4.426998008430351739e+00
-8.925160770881390704e-01
-3.793560941274845000e-01
5.178928638310385857e+00
8.507548159674822585e-01
9.265969955806994562e+00
8.586605738508266583e+00
2.589280379584598890e+00
1.630654042036274376e+01
1.115909840036539258e+00
6.614926982841472736e+00
4.998110976892010449e+00
4.693310470620164487e+00
5.668793359341805171e+00
-6.686555244764217143e+00
2.171908760432253782e+00
-2.806706135756060760e-01
-3.827030266505937917e+00
-3.051841345569434871e+00
3.818251634787945381e+00
-6.455661474205447448e-01
7.048922484123767873e+00
1.090407034178902990e+01
5.668954802262140547e-01
5.697356613956467974e+00
2.084225730082307493e+00
3.221017551478449814e+00
6.217920076938792562e+00
5.523991499945715589e+00
8.256226114830855778e+00
1.266605670230152825e+01
7.338168271213076466e+00
2.604151326204914518e+00
5.395065815190109859e+00
4.232487344310870370e+00
1.097857012064000415e+01
-4.227646874779104280e+00
1.453303293635397786e+00
-3.828455815773192494e+00
8.540360133656928809e+00
1.997481575758617511e+00
4.570015620365449394e+00
6.509352587867145878e+00
-2.418664745157376395e+00
4.630866750624444528e+00
7.408797655868774257e+00
1.169483194658283232e+01
5.750882650183428701e+00
4.250089809533559304e+00
4.047607037990491818e+00
6.379215459857647375e+00
-2.226044699121331849e+00
7.811898383843034921e+00
7.314737549855072629e+00
5.737067534413895942e+00
2.812623082852175216e+00
5.570729642651363278e+00
4.237893494054742582e+00
-1.716349334930842740e+00
1.210549770289503613e+00
6.110569616486201117e-01
3.643820631809083554e+00
4.467184707927262188e+00
-2.578986314892136811e+00
-6.269897974910112470e-01
6.822610004952561980e+00
2.478400437075312546e+00
4.732552903142996925e+00
1.612888555515475275e+01
1.249245171504152596e+00
5.885108329048609477e+00
7.263650261013545162e+00
5.793032466778963219e+00
1.223151594930230246e+01
9.859751184079831532e+00
1.186369204717738235e+01
2.409737784583014353e+00
1.674233907704927526e+00
3.985981373938718875e+00
3.816265892696462547e+00
6.367659959388652702e+00
-5.580215614770356325e+00
1.147022834996802487e+01
8.040440409247853637e+00
8.706867490606731153e+00
7.112411298817304051e+00
3.523266940334794040e+00
7.869289618076493298e+00
2.171495263584650282e+00
3.595128682605495563e+00
-2.268290139616491174e+00
4.002352717706943785e+00
8.174367632719004462e+00
6.446591568379549386e+00
9.554518352007729476e+00
6.898376675227060772e+00
2.749351978359598103e+00
5.376464697465367593e+00
1.030169382101167663e+01
1.344739314782609441e+01
4.519160952200868664e+00
9.888057935183251601e+00
2.845906084659104884e+00
9.584753623747005236e+00
4.827412412374688877e+00
2.462054454546160009e+00
2.868969648138257611e-01
1.743435784328325244e+00
9.475790291690987743e+00
4.557810600094774678e+00
4.191589617638348919e+00
1.184201635538570230e+01
4.148669582337102923e+00
1.590552388069426559e+00
2.686835472440212147e+00
3.575475726425711098e+00
5.153699977142015776e+00
6.647540174926615641e+00
-5.014090826024967029e+00
9.248991796423254641e+00
7.020917364836090968e+00
-1.894242465272146347e+00
3.084195294847463131e+00
3.370840136173041124e+00
2.923832060160783453e+00
5.501703572872468584e+00
9.345715138312922221e+00
1.261341975583667363e+01
1.110801172224293865e+01
-1.069370357954686490e-01
5.563452319663977796e+00
7.814434234520033495e-01
4.003210875591102003e+00
5.384141372727991204e+00
-2.677551882197351851e+00
1.522453765999296138e+01
6.756325997345808076e+00
8.177957947440066988e+00
-5.103456711584206218e+00
2.607755625397544463e+00
-2.820068472315435226e+00
-4.288443824459795550e+00
9.723532768534751014e+00
-2.427226707685382401e+00
7.635138277153640018e+00
6.754022434235363193e+00
-3.726195212639248133e+00
9.411460471870213951e+00
-5.659089579514917645e-01
1.765230715362144043e+00
1.794085624172955917e+00
-1.246037226014383492e+00
1.422638331276288426e+01
5.295183268589850556e+00
1.602738264502621579e+00
1.008478699408277812e+01
1.205672690473231690e+01
-4.902783927426607846e+00
4.823060326132345033e+00
2.042597394736374028e-01
1.052590563261259149e+01
4.943246372735519145e+00
8.080667908924386467e+00
7.354318581328889159e+00
-9.495675009879089856e-01
6.968792720891672232e+00
7.895017820124373031e+00
-1.946824977094512743e+00
8.830285675543983359e+00
7.594135060536838289e+00
-5.892622720917006784e-01
-8.853140982046127094e-01
1.015682812279671410e+01
-1.816572692384013976e+00
1.592751709745913846e+00
2.471031305105533260e+00
-1.354834491260431317e+00
3.138033480658498631e-01
9.506074466723090310e+00
9.106383690070369852e+00
1.078493932261705979e+00
4.937653963147753622e+00
9.777885129892466054e+00
-4.267372360469297021e+00
3.666267255646235679e+00
7.766164352683758487e+00
6.292344647398011581e+00
1.225168611955804820e+01
1.362449420291591018e+01
5.877121465809407752e+00
5.008350765079184086e+00
3.344462013309073001e-01
8.312730485085443988e+00
5.315985592068812160e+00
4.740786732429160821e+00
2.497087301010945559e+00
6.047926863552558707e+00
6.998655702576775717e+00
1.255242776414719508e+01
2.407197359681927828e+00
8.127118775223172165e+00
4.819717123641851231e+00
1.368896666059541634e+00
6.381322439554791615e+00
3.503544603258048618e-01
5.532324630843499236e+00
-1.687194445615505689e+00
6.284220414753722395e+00
-2.436337297905696087e+00
2.948680294816685254e+00
-7.157341447582998839e-01
1.554106194393004792e+00
7.736169261114905993e+00
6.108517353926096405e+00
-4.146212042875536241e+00
1.061917713391354923e+01
8.373247944617297378e+00
2.050438602899993690e+00
8.017733425121289059e+00
1.443653161127574869e+01
-3.891296216905663297e+00
-3.929066203743678543e-01
-2.001979056746074903e+00
1.157792102773088949e+01
1.126778856855442434e+01
7.440431753152752847e+00
1.198740933181784385e+01
7.567650237889023135e-02
2.641461164676494722e+00
1.471291417436843219e+00
1.385067133262242578e+01
9.912783064118421805e+00
9.035912594060913960e+00
3.776771444847345727e+00
-8.823557599595155398e-01
-1.394679295792109919e+00
6.900797738324540020e+00
-5.455877093833488622e+00
4.278622306157793709e+00
1.042686561883436225e+00
8.271118201576694418e+00
1.092378978160341063e+01
2.363651216745822126e+00
5.248276913001530097e+00
2.406633254878987938e+00
-2.719555239282604120e+00
4.495234458402348920e+00
7.929520544154859962e+00
-3.387476467436569827e-01
2.787651510589002068e+00
6.778862535948835699e+00
6.006466312283151865e+00
6.841501409365400299e+00
8.889326808018704895e-01
-9.963701277181415961e-01
-4.625525082358302953e+00
-5.466360462008346133e-02
-4.956348919054756608e-01
8.654055434877683695e+00
4.123530990717898526e+00
6.551937714171019778e+00
9.951227806351205629e+00
6.036317597791094336e+00
1.391976169686422127e+00
8.219100112557214288e+00
6.584776138262177447e+00
8.764784922935820788e+00
4.072327760244610850e+00
1.922543482019485328e+00
3.870522299814977529e+00
1.019246299401367395e+01
3.167776200151744437e+00
-2.498614637659937632e+00
1.051840449820691958e+01
7.525136352567020070e-01
1.899640335721476836e+00
6.781902375543953809e+00
1.241032531309809883e+01
7.076985648469871215e+00
-2.550026633531820242e+00
-6.631630684169165235e-02
4.992199521753052593e+00
-3.152244540024806696e-01
4.432505349969196651e+00
-4.418305234781500168e+00
-5.220217797536719218e-02
6.563722508157380453e+00
9.352045160482228781e+00
-5.542900621487733659e+00
7.686637370142285874e+00
-3.213882510317684016e+00
-2.698627797354021141e+00
8.457197050583054043e-01
-5.771996324967498815e-01
7.248743874403270837e+00
5.914078405530734273e+00
-3.611435847885682726e+00
8.232973022337720437e+00
5.141174872524733708e+00
6.774985402624485786e+00
5.512472949740736539e+00
2.705723213898521884e+00
8.005573166385490325e+00
-3.765580121030048577e+00
2.311578828241324324e+00
5.381820077268806735e+00
1.096027151606186933e+01
6.082276483833621850e-01
6.899577734706275223e+00
3.029517519692489280e+00
7.818678717871945238e+00
9.454961518014654231e+00
1.226049019005223428e+01
6.341777538120292768e+00
3.733094875195575035e+00
2.737553950969703109e+00
4.852666161374958875e+00
6.009948312641112622e+00
5.828278869186936717e+00
9.870847462888821866e+00
4.390156998624786588e+00
7.193986777893970341e+00
1.709557166777509796e+00
2.236735826262275406e+00
-3.441428772178837470e+00
5.855863722514691005e+00
-4.198575669166226376e+00
1.242059388956049659e+01
-9.929215389014873772e-01
1.818652280876017713e+00
1.396126209680377706e+01
5.981975239370266317e-01
4.270726419699212073e+00
4.260958266482801626e+00
6.530222401515058950e-01
-2.978491553267185399e+00
2.924799588936235040e+00
7.796070000619151230e+00
4.009835397206010121e+00
1.235965608165143159e+01
4.783189885271473152e+00
2.580840908895321917e+00
3.162926492849948090e+00
1.332098618033468851e+00
3.913218770661586632e+00
1.210448391178500316e+01
8.478757993057639553e-01
7.493253877746798075e+00
3.912741953168685782e-01
6.577990661003695116e+00
9.479310909149237574e+00
1.134166681083036821e+01
1.145102847869756912e+00
2.248521742044851557e+00
1.020422113106575779e+01
4.120845297606554603e+00
-3.079265050389027980e+00
1.204342960723577072e+01
6.157336146210254491e+00
1.061707941208108075e+00
3.592992768336951137e+00
6.911570042735885266e+00
6.119603641731595545e+00
3.487015971603759645e+00
-2.261554255716532236e+00
2.952076915413189617e+00
4.338598309158271604e+00
4.928887598776391599e+00
1.464425229290728048e+00
1.464542969273303408e+00
6.912756634455645255e+00
5.794164623529172609e+00
8.551554126594794525e+00
4.823642211172421312e+00
4.622498411521614337e+00
1.270453636691818389e+01
8.073041170512775366e+00
8.955783408397707035e+00
4.701083140273964567e+00
-1.194889364457436542e-01
7.647877876631841154e+00
5.863145556123093627e+00
5.262506806007936078e+00
2.799575462563971495e+00
5.899874855502077686e+00
7.611388634274048215e+00
2.564798819523789852e+00
8.359647036880601956e-01
8.133789766622657069e+00
1.560134861021116137e+01
3.890703699701143492e-01
-1.736479900729865355e-01
-1.902044902825662298e+00
4.317205777375600739e+00
-7.677314506566101926e-01
1.214021001896485252e+01
-4.621181353094874211e-01
1.386490198589365974e+01
4.021800509255401224e+00
2.464653920452733349e+00
-5.973614862744113019e+00
-1.539778390176422818e+00
1.045581036920586904e+01
4.664505378225634047e-01
1.100013019763927735e+00
4.516290548546225914e+00
1.546819224040224228e+01
4.469506993731254596e+00
8.511532363064542750e+00
6.639949247221585082e+00
-3.456897356655943110e+00
-5.446240653449338609e+00
8.884545399361407192e+00
-5.091168051720297960e+00
3.142847938027939936e+00
8.706891983490621101e+00
5.050214407611557377e+00
-1.263381326507672542e+00
7.500623924307013191e+00
-1.557554118565577905e+00
2.107768901783234394e+00
7.177056671306307756e+00
-2.846688137305495303e+00
9.960022473789530650e+00
-4.490930689966543987e+00
-1.492530333581529423e+00
4.844990098690450608e+00
1.654495009316487142e+01
9.763929135431485662e+00
8.608032445856133030e-01
3.216631448882971700e-01
6.877657935228337571e+00
2.683375369085561069e+00
2.689280298032900696e+00
1.022454289811742001e+01
9.165890693962772673e+00
7.098998608691490020e+00
-1.205663385630872497e+00
1.348423605831795768e+00
5.422707804174580204e+00
2.741153146071769964e+00
6.673669357927375145e+00
6.434504074008547292e+00
-4.227407869111970973e-01
-3.457057623666266455e+00
-3.501905182213542744e+00
4.430741205425239748e+00
-1.400156496399317385e+00
-2.338654956741846203e+00
9.635746437334702819e+00
-2.136983632863074245e+00
7.075725224769907840e+00
-3.696643480676849780e+00
9.951767946936961096e+00
4.714155953683513700e-01
3.405974761924230876e-01
6.135047796029153844e+00
8.245852269598955786e+00
7.290860555214962346e+00
9.623101693359068065e+00
1.052514479258181979e+01
-1.870554067807840060e+00
2.789583169170900767e+00
7.689740271560837392e+00
1.228363521519222701e+01
9.013788329584270231e-01
5.134091805209325621e+00
6.202257654092194983e+00
5.256327459399038560e+00
8.475081730648062361e+00
1.044457648940965200e+01
1.380830654913616584e+01
2.553733041598219344e+00
2.059838584996096067e+00
-2.260731727374169164e+00
4.799527334314654503e+00
5.535516822324275665e+00
6.128497950390172200e+00
-4.462439556273784191e+00
7.418046864269842722e+00
-4.422208757350198027e+00
1.750735588656139097e+00
6.356430767586694230e+00
8.765243728010991831e+00
1.729711291951536500e+00
3.297576579405560260e+00
8.505418301698025374e+00
6.701265191500790586e+00
7.421702673959082119e+00
-4.538891073700249024e+00
1.545905521910793112e+00
1.051182165461560558e+01
2.713541594346942087e+00
4.533153051301461289e+00
1.058346959593831116e+01
5.773179719060244075e-01
5.967052058244517454e+00
9.120411736074911957e+00
7.034572449658792692e+00
1.197795867733751152e+01
7.824058213848512189e+00
8.757016676656139254e+00
1.112523793700812114e+01
3.988660807587383061e+00
4.521339247448379339e+00
7.260422464266492071e+00
3.732334880446635861e+00
-1.579295450091363406e+00
8.250431335014024370e+00
-1.017760886032884615e+00
1.484799452829689059e+01
3.999364839172833808e+00
2.967417912159900251e+00
5.186087010256656527e+00
3.077278748319165036e+00
1.371261993134019619e+01
8.852710735453790392e-01
5.301113175905181052e+00
6.380067636028584843e+00
1.066563767135639118e+01
9.907217232339325719e+00
1.270390002880678715e+01
-1.458613985681068925e+00
7.947170144702688788e-01
1.255197173820054912e+00
5.468183903803020662e+00
-5.377720396165334371e+00
1.330628044858332970e+01
6.527487789364021964e+00
3.525440221848956224e+00
2.357569662550293987e+00
3.900280435434183790e+00
-2.192371904699369711e+00
7.414352645311692136e+00
6.092965662723235809e+00
1.047768058391156387e+01
-1.351616420700742616e+00
4.022021433032895388e+00
7.942398885403251008e+00
8.790663150026231776e+00
1.078900357422446987e+01
8.483300077762745417e-01
4.455772379762400703e+00
9.089432954135507003e+00
1.373615118891082076e+01
5.663462303679205334e+00
5.096896504589743415e+00
1.039069245997724167e+01
3.505232039331996674e+00
6.955343190127208253e+00
9.489166372392670468e+00
7.656573493911486672e+00
8.299072399858093974e+00
3.385360380737624020e+00
5.988962936632812983e+00
4.788416486017630369e+00
1.162087583529617341e+01
8.553845827891070286e+00
5.230386585829593038e+00
9.857093745440914656e-03
-2.958961139040586552e+00
1.173324811935735745e+01
-5.394241649096793711e-01
2.214161457196301086e+00
-8.160080201293773428e+00
9.060278181012316523e+00
3.852712473759199341e+00
7.040798812306492849e+00
7.390872931300447313e+00
4.783813359975038537e+00
8.162368224051428811e+00
3.196175836129914849e+00
7.510542290018824119e+00
-1.682206618464697101e+00
-4.395604634156682344e+00
4.380283703094258740e+00
8.367857456957672468e-02
7.451287386423848247e+00
6.791333568154438893e+00
7.108868704558620522e+00
2.588667905537468616e+00
1.339065974564988792e+01
3.666884590660533849e+00
2.966380218280379566e+00
7.583114337854792719e-01
9.003609556913099610e+00
7.442669049532743664e+00
6.752882990059181800e+00
9.090989226188845862e+00
3.581250451786530675e+00
8.904096820476018692e+00
-7.752800850348419814e+00
6.500193027682906077e+00
4.457212075238867754e+00
8.304702590706789067e+00
-1.285033107257073759e+00
9.026477477347997436e+00
8.214448449617803405e+00
5.643968649989844266e+00
1.451371537491481689e+01
-4.867872367939767297e-01
5.466547921507387997e+00
1.278765243108122007e+01
6.465412888223940335e+00
7.419306861412982013e-01
-4.363716387345837333e+00
5.799437305345930938e+00
3.202685804877993370e+00
-2.006014148198111968e+00
1.353621835678401997e+00
7.435652558404434842e+00
6.987964406400299033e+00
2.760021265635206333e-01
5.848296109907872520e+00
3.691440629231261372e+00
1.265712940001215614e+01
9.878665622346884945e+00
1.612331174812682510e+00
-6.028865738213484704e+00
-1.833015617999354863e+00
-6.100957991324650997e+00
1.051573992520362566e+01
1.545147674766692791e+00
2.913580638538380452e+00
6.241120932852044056e+00
9.230599209608500999e-01
6.772700341773844279e+00
1.180687932438211263e+01
2.154499832918224556e+00
4.498719787615010901e-01
1.068906384987495528e+01
1.542090035357425393e+00
-3.217649925886688411e+00
-2.366256714569997754e+00
-1.069430052860345093e-01
-1.020769905533613464e+00
4.006887271010628027e+00
-6.490298200208658663e+00
-2.702584399190513409e+00
4.243539846498131318e+00
2.600396496867407592e-02
8.941768170675253202e+00
8.168370842107268714e+00
1.414218557660402276e+01
-4.512433304917031762e-01
9.952333009143533360e+00
-1.192607583876279520e-01
9.907915828300295047e+00
6.307621832568077735e+00
1.630403398638565449e+01
2.413304755396141754e+00
-2.002575112628297127e+00
1.133948161336660476e+01
-2.390201103397825211e+00
3.047239482946987543e+00
6.864928310324131644e+00
2.411321328821583343e+00
2.317873576503494348e+00
9.528199401553798964e+00
5.389855183051187382e+00
1.318513360001420409e+01
-2.286243204547647512e+00
1.454105147551901123e+00
7.272696171443189250e-01
6.344996421271456022e+00
6.382633316757279296e+00
7.239266144597015895e+00
8.426400404625164597e+00
7.644231193814833958e+00
2.729949875962816908e+00
5.120758340503499539e+00
2.474056668750428400e+00
4.161435671473739717e+00
8.780216957821297186e+00
4.392143026485001656e+00
6.609780703546977776e+00
1.030799141517525719e+00
1.039970981462549737e+01
4.363051484194597762e+00
9.262896380292597875e-01
1.499635715391800517e+00
5.421776707647357085e+00
-2.855339222567987445e+00
1.519986546239619374e+00
1.419266622386796239e+00
1.970527503572320427e+00
-2.685876575562652135e+00
2.076440310395302635e+00
4.915137832497828541e+00
4.356036956868787335e+00
5.911254028000032079e+00
1.769009088430333110e+00
-3.739674502500067721e+00
6.787179170218133883e+00
1.262325654681654186e+01
-5.819163540017115999e+00
-3.239179282411853933e+00
1.121190909201479080e+01
6.639022741104057879e+00
8.262236032329324686e+00
1.867146864010266860e+00
5.090011910958754271e+00
5.429555389595619452e-01
-2.066732657072711810e+00
5.829409744822113382e+00
2.383628946181456598e+00
6.072474808355579512e+00
-2.957111531639092572e+00
2.302470142693687993e+00
1.108794125026117783e+01
5.973156999075069251e+00
7.851472811686210918e+00
1.201694325691636323e+01
2.633388416068995763e+00
-1.768930494037932899e+00
5.452362104772615403e+00
7.602545022534460628e+00
1.885356205534115315e+00
-2.045870845748332556e+00
-5.383116486998531514e-01
-2.454903623831649728e+00
-2.835254874681378823e+00
1.017517000924040360e+01
4.738585216731618033e+00
-3.143823999805587466e+00
8.489551360001838631e+00
4.129293672308219421e+00
4.058717802005074482e+00
6.434312445733838537e+00
4.346867473439100849e+00
5.730488606881333880e+00
-4.204715083852360813e+00
2.991985768373612409e+00
1.582040581463746065e+01
4.846682029498840194e+00
5.440854102535405801e+00
8.330073349497846280e-01
5.231411566451541262e+00
6.023494102289798313e+00
4.444113793912212174e+00
7.511287620708852586e+00
1.535782958590923064e+00
4.772107991820547568e+00
1.321708275509991282e+01
1.332190107913110566e+01
9.717571907957538002e+00
4.975609524859855526e+00
5.500857052938987302e+00
1.635242078488567508e+00
1.356576357922303444e+01
2.841893539618737918e+00
5.854026514346768906e+00
3.879700461464468564e+00
3.994336248507674547e+00
7.816486494942992636e+00
5.327280940923440511e+00
7.648866975063855378e+00
6.065797927360760511e+00
9.330753863077931864e-01
7.056941701759515517e+00
1.110317928107271257e+01
2.552896949531350046e+00
5.892651187999249807e+00
-4.011374095325410671e-01
6.580969918162246302e+00
3.120317949347515274e+00
1.594157538446136391e+00
7.397871026031697994e+00
9.323908437262313775e-01
-6.601156540579440346e+00
3.725278085648191517e+00
1.200935109647188170e+01
-1.991215726079087922e+00
1.789725553060234287e+00
7.061618968355395154e+00
4.142517075555759654e+00
7.457678404671501227e+00
5.610321161574370663e+00
3.699373427924543378e+00
1.397816508364335419e+01
1.015004774738251792e+00
2.536564987463874488e+00
1.093656085742978412e+01
3.232166308342034888e+00
2.401464893532171629e+00
7.827480612754621703e+00
2.821985937901740016e+00
8.411582860978054299e+00
8.353388248616749223e+00
8.259010794381953957e+00
5.274622372669680814e+00
3.443973204434717328e+00
1.146287157729129369e+01
8.607404634577986435e-01
5.008631525387595929e+00
9.547785581435114466e+00
2.689433307204038393e+00
7.609016153289030804e+00
1.455587592111500683e+01
4.937141750838925702e+00
9.766800317606472603e+00
1.228603107047879917e+01
-2.960778560433086071e+00
3.562630347799069952e+00
-3.353888375500278407e+00
1.261196102005330211e+01
3.414282813217131007e+00
1.173375979380888445e+00
7.053151907019924671e+00
3.263428359449885185e+00
4.248836324532848430e+00
1.066930232599232831e+01
-5.100964884804489508e+00
1.456945456632855462e+00
1.526270521584370954e+01
2.308520138071106675e+00
1.724524841504946338e-01
1.043814090486532287e-01
-9.538259737744994027e-01
6.169652640022825096e+00
-8.617739075928478876e-01
5.781490533263617948e+00
7.978575748103970966e+00
2.058460489499349677e+00
5.583149915002531216e+00
1.282670021197640953e+00
1.178258392539442134e+01
6.323690297049019193e+00
1.840908301431234184e+00
6.523472054433666401e+00
-2.631969449751281331e-02
5.891660484210166082e-01
9.922615041662818935e-01
1.410967879522814217e+00
1.917406279198964114e+00
5.062653847199872992e+00
1.142490013158240636e+01
9.630708414453032162e+00
5.469297319559760062e+00
7.705653766787018633e+00
4.763926212868161869e+00
-2.972757680482425613e+00
9.211788423969959894e+00
3.769013571643465621e+00
4.446188969825273674e+00
1.017650028914248495e+01
2.446726320351487516e+00
-9.336294621518849368e+00
8.659479227499399911e+00
1.164676989798887341e+00
9.193438722606769531e+00
4.013451128329825757e-01
9.854973086795963955e-01
6.372921078049730959e+00
1.383004442492726582e+00
-1.994298698663992120e+00
2.554889135247509380e+00
-1.357716663007752622e+00
7.371096456051477119e+00
2.055947013848775384e+01
-1.656437596446187932e+00
8.068990253644795274e+00
4.763748450554185609e+00
6.133390684078404931e+00
4.609438820295238770e+00
1.026816228449229307e+01
1.806324763120521038e+00
6.234888329472585866e+00
2.246988681082284778e-02
4.645381788160138470e+00
1.103347503961532539e+01
5.713274553272338352e-01
1.127516818817256095e+01
5.826517721631215174e+00
5.265023964886410113e+00
1.824741191407960983e+00
8.189630053364053808e+00
1.185151494068372457e+01
4.665879321816252201e+00
-8.141151195589459988e-01
2.184576267647031500e-02
3.857179529972379228e+00
7.747960786286848922e+00
8.926249440402594715e+00
1.006106745042321471e+01
5.934823667515249923e+00
-2.406646399909408984e+00
5.746525631370422715e+00
-1.121744095658739448e+00
9.821550248288168916e+00
1.607935042717917895e+01
5.013069119841617294e+00
9.584200289070384571e+00
4.271341098553858018e-01
-2.909769014799302944e+00
3.928685629920732225e+00
-1.504483102567775177e-01
-1.368974080199189869e+00
4.509069814854999692e+00
8.218859636967177806e+00
2.624450575792777407e+00
7.431646918617643038e+00
3.253668089777099759e+00
-1.844528940934159866e+00
2.620606175064543741e+00
5.813422453532389511e+00
8.393604536456226839e+00
7.214782966479731385e+00
5.390714680008312776e+00
-4.801437742877592285e-01
-2.524939867749654177e+00
3.710395323278633306e+00
1.288224553966390573e+01
8.292135676423281865e+00
9.862880624810378194e+00
1.433784453890245381e+01
6.130682071064622818e+00
7.704407131661628938e+00
6.378511967636831592e+00
7.053262531782150901e+00
8.180605849662550000e+00
9.032142617212123525e+00
1.226498964706989092e+01
4.923924260825000232e+00
7.666457755746969305e+00
1.065676995180248809e+01
2.643099627021726405e+00
1.154915953911583859e+00
3.838684436400315647e+00
1.033020138018406087e+01
-3.514731709796146575e+00
1.899904243807386095e+00
5.062649863349474089e+00
-4.080433161566823230e+00
7.097468091669684398e+00
6.970647984637125205e+00
6.522455799872012072e+00
-4.044987034993882347e+00
6.503953106556094710e+00
-3.167839773259588654e-01
6.287048737092093553e+00
-1.786657791080554780e+00
-5.301268125031983303e+00
3.061331250761186951e+00
1.163866215743207144e+00
7.419280251448705066e+00
1.464108323064282757e+01
-4.688846059112985465e-01
9.709798588313049095e+00
1.429686128294274461e+01
1.059642860097517669e+01
9.521160619250604640e+00
2.376743747380391625e+00
2.718866657196657322e+00
2.445911709180460747e+00
8.867380034502154729e+00
8.709322455143700736e+00
1.743229561274031170e-01
3.623739566770624698e+00
5.975247381218883547e+00
4.420391222884585858e+00
1.193166953301031796e+01
1.091462440453291904e+01
4.620013504743980093e+00
5.450073759175461774e+00
1.492653816803132116e+01
-9.569840483217610938e-01
7.283265062822784408e+00
1.611253690552501183e+01
7.975678144265086367e+00
5.331646487195596862e+00
5.116713062474461005e+00
7.818070657478232377e+00
8.080374647001789867e+00
9.619442699270956965e+00
4.440571219419318538e+00
4.610837116408523784e-01
5.229839966990383004e+00
3.253009626421750511e+00
-3.937283580519869375e+00
9.677591946228915276e+00
4.217328635740527076e-01
7.757346294060834424e+00
9.312173217923465529e+00
1.082084155703250339e+00
1.567693826391555589e+01
2.649798277226857568e+00
7.897036806351918070e-01
-2.671160724595766922e-01
6.924314548255487090e+00
-1.793284192988648496e+00
2.291753044698927599e+00
2.609098358457875744e+00
6.218605429127142870e+00
5.258817668055663752e+00
6.078215024639510133e+00
9.999409997577293652e+00
3.478356873999568055e+00
4.558229697839067285e+00
8.960506316584714526e+00
3.879158490827559813e+00
-8.956441898040079508e-01
1.044380268753511132e+01
3.570233177059504825e+00
1.856349206533722906e+01
1.092847196971496793e+01
-2.258540409580286568e+00
-4.428838894569842033e+00
5.654611854267540316e+00
3.205271935338583678e+00
6.245106926896450972e+00
3.640333667875776502e+00
1.067856066490250910e+01
2.776926551444914182e+00
1.280778879337323062e+01
7.875810679097440925e+00
-1.132009025755853937e+00
7.491617646015352072e+00
7.008415063504262577e+00
5.083154712749816007e+00
2.704140298307642798e+00
9.827742668099393342e+00
1.456930164898067659e+01
-3.811625681933061838e-01
5.219196390057225798e+00
2.704277033807683139e+00
6.714191274837270740e+00
9.281839099876334487e+00
1.545572463411644470e+01
1.774405666143829441e+00
1.190732041953797449e+00
1.170043995555154837e+01
-2.665516506289823617e+00
-1.150967449202489945e+00
2.204622690633148974e+00
5.155615230125160764e+00
3.125210055298988987e+00
7.770662885381954155e+00
6.450054725152149615e+00
1.022565966680626737e+01
4.237639283026372716e+00
6.517276459279303102e-02
2.566710222618494353e+00
1.875595994329132044e+00
2.613255129893033768e+00
4.645087597267301582e+00
1.225582385200570723e+00
3.348888834278922033e+00
-1.460325316969199871e+00
4.145939466828020059e+00
1.497569784370818624e+01
5.891561592833542527e+00
6.888932750844762865e+00
1.562278987239659145e+01
1.132194455090083807e+01
7.855126803110845657e-01
9.934487228899830935e-01
7.615701238953304752e+00
3.383607794048367978e+00
-2.168850521524429364e+00
9.796202808959934671e+00
-1.267093530238892374e+00
1.148087900308968656e+01
2.973201821944741141e+00
1.003611533755719165e+01
3.904644493255923887e+00
-1.563108088717769295e+00
6.906188775080213560e+00
1.417773552739332033e-02
9.489126663913790338e+00
6.375665212701292717e+00
4.432863196237179615e+00
-6.837264858221950625e+00
-2.895402173420680292e+00
4.320431154051084022e+00
7.197133760727282947e+00
6.186532025098761878e+00
1.399635172544930306e+00
4.016727446514002153e+00
6.214589730602893880e+00
6.151004513405483820e+00
2.541084372822384196e+00
6.095554187073660479e+00
6.809478433653426421e+00
1.684548103888345416e+00
5.582102415971254672e+00
4.534862126621325373e+00
4.826619705481636657e+00
1.072513298684935279e+00
5.094162108065741101e+00
7.301891221425193201e+00
6.196660786762817175e+00
8.509087567074423930e+00
2.370914525259387506e+00
1.124552696932471108e+01
1.204585965860479213e+01
1.781059871752828094e-01
-8.781195001155067681e-01
3.210190806186813628e+00
1.062528791723328858e+01
6.159997362016683908e+00
5.780506099920943441e+00
1.912807128285884950e+00
6.159545253838898837e+00
1.206510344577607086e+01
5.286959594434307519e+00
8.669328032178338361e+00
6.928493100305182395e+00
1.418385738455339773e+00
3.956449574444827810e+00
-1.617929036160600242e+00
9.933540062835595208e+00
4.321824875317679115e+00
6.036584479429844663e+00
6.017235859541415266e+00
-2.465064338062302962e+00
4.587904293857594240e+00
-7.131088828919700973e+00
9.646914472755197423e+00
1.156819121870341149e+01
1.256561350806201460e+01
9.260240462347983481e+00
3.524568410900466908e+00
4.779041208726060752e+00
4.419260434111444980e+00
-3.190498156034980770e+00
9.193430186048454189e+00
6.880439881383186851e+00
-9.601604082195930312e-01
7.404739006673326518e-01
7.155137711011456680e+00
8.431368103188408014e-02
-1.507546217792564924e+00
4.571047235602376801e+00
8.718751338780132087e+00
3.264868265905550349e+00
1.363760973364423279e+01
1.233787345308016015e+01
1.137987482662636829e-01
3.212779340766293679e+00
3.844092765690126257e+00
-1.722709551713629272e+00
4.518139283599267308e+00
7.542621941839935396e+00
5.762004674856952668e+00
6.234081535693138498e+00
4.299276744638516057e+00
8.110209303359365407e+00
4.172305225038922316e+00
5.851995685845778894e+00
1.107765024495172557e-01
3.964272587205209586e+00
2.914199315226489340e+00
5.284129148609465254e+00
8.659819371283715483e+00
-7.443958155812626210e+00
6.137487804466698726e+00
1.046573441974916419e+00
1.265961485659441443e+00
5.736136292420349392e+00
1.391048149922453625e+00
6.326208792487780563e+00
5.715437460560358396e+00
9.968676204742818570e+00
1.030038392430244798e+01
3.641754255707008170e+00
1.013235632976303924e+00
2.885990792235961777e+00
6.058619359558105266e+00
-1.143201268608549981e+00
8.041146201824631135e+00
3.443456591215399598e+00
1.325839788337446201e+00
6.241856077428783678e+00
6.551898801639697290e+00
2.585966139217095616e+00
7.511152762967186369e+00
8.490682002577646159e+00
3.372334460719299098e+00
7.035502255343821787e-01
-3.897307883252820293e+00
-4.574835881350783340e-01
7.039118114580620755e+00
8.361219390469974755e+00
3.916616656748875602e+00
2.555748963021667652e+00
-3.623781206134515376e-01
3.244952236339452512e+00
1.568302859150661810e+01
-3.616000883340825922e+00
4.821917586511400344e+00
4.542992484042523316e+00
7.393816907932256655e+00
3.362054187971226238e+00
9.495343076403134575e+00
2.883042255106146534e+00
4.223560054172512679e+00
1.256569161072126128e+01
6.346529204889239217e+00
6.706960547230353953e+00
2.788371037259360641e+00
8.306450909216914980e+00
7.848977257473418234e+00
3.643810146878879941e+00
-1.146800605032441744e+00
1.122368118327297459e+01
6.532367169844527588e+00
4.659467010372931206e+00
3.666889193667110192e+00
1.696733479082065443e+01
3.893889416190229102e+00
1.736615861030637031e+00
2.647302003398220194e+00
6.721574534839182213e+00
1.039710593133126748e+00
1.262497927808613341e+01
1.465253604345009064e+00
4.234791163343967213e+00
-1.378733404609029378e-01
6.837418170835971587e+00
8.987884340709397790e+00
3.667204597480068884e+00
5.320089589104707528e+00
1.878624448754393716e+00
-1.404751767933075435e+00
4.848951552095219775e+00
3.197628030031417712e+00
2.746426746568654043e+00
2.533102127506849932e+00
1.909843319339197265e+00
7.415833079626331648e-01
8.144529092294288120e+00
1.819845723702949503e+00
-1.067947145446845436e+00
1.812711617286587806e+00
7.698027013697561038e+00
7.492545422761299534e+00
8.085515021394183321e+00
6.207253512290983544e+00
1.802651101436625325e-02
4.044960548449320292e+00
